Name,HW1,HW2,HW3,HW4,HW5,HW6,HW7,HW8,HW9,HW10,Project1,Project2,Quiz1,Quiz2,Quiz3,Quiz4,Test1,Test2,Final1
Jesus Brown,92,72,NTI,73,93,92,67,75,74,81,83,EXC,77,NTI,61,NTI,84,100,66
Emily Fields,69,74,83,69,77,66,83,90,89,77,68,82,71,68,NTI,79,95,80,83
Mckenzie Phillips,61,63,27,56,52,45,75,63,57,53,56,51,50,53,61,53,48,57,53
Marcus Pitts,77,66,EXC,70,82,47,70,74,73,78,NTI,65,100,82,57,EXC,EXC,72,96
Stephanie Valentine,87,94,EXC,85,84,90,93,91,95,89,98,99,86,88,97,93,90,80,97
Kathryn Martin,80,NTI,NTI,83,90,64,91,89,75,95,92,96,89,90,93,91,87,89,91
Kathryn Strong,78,93,60,71,79,87,86,83,75,NTI,68,75,76,63,86,92,68,81,74
Mia Edwards,81,58,67,69,70,EXC,67,65,67,59,60,58,55,72,77,NTI,75,65,76
David Serrano,64,EXC,60,94,72,88,68,76,94,76,81,77,70,78,94,66,77,72,84
Joy Smith,92,83,82,81,75,72,81,86,77,89,97,85,EXC,85,75,68,NTI,84,84
Andrew Francis,39,59,59,62,31,54,45,66,74,65,59,67,53,58,37,27,41,65,72
John Cain,85,88,75,76,91,81,86,77,NTI,82,67,71,70,NTI,NTI,59,90,80,84
Cole Miles,76,47,NTI,71,56,77,59,63,NTI,79,57,64,70,68,NTI,64,66,69,63
Stephanie Higgins,63,80,80,64,NTI,NTI,90,70,EXC,87,EXC,92,91,96,77,EXC,81,83,79
Vanessa Hensley,78,57,50,58,67,52,79,66,EXC,70,64,68,64,59,60,57,56,58,58
Sarah Smith,95,EXC,52,EXC,50,NTI,71,66,88,73,NTI,64,74,EXC,69,EXC,82,87,99
Angelica Andersen,73,82,80,84,69,87,78,64,64,70,82,83,83,67,82,98,78,NTI,73
Jessica Bright,77,97,81,82,53,83,EXC,NTI,69,73,67,87,86,84,72,61,72,72,74
Matthew Lewis,57,69,45,66,65,68,54,54,43,51,55,66,44,74,67,51,62,71,75
Justin Johnson,NTI,70,EXC,68,76,64,63,60,NTI,EXC,62,74,64,NTI,83,77,70,81,61
Amanda Lee,68,68,NTI,72,79,67,86,69,66,80,92,53,73,66,64,60,69,79,57
James Kelly,99,92,67,87,83,91,82,81,93,95,93,88,100,86,71,79,94,96,82
Rebecca Jackson,57,85,66,83,65,55,85,85,75,68,91,83,87,46,58,70,53,63,65
Eileen Jacobs,NTI,99,NTI,91,99,99,NTI,99,96,81,NTI,98,91,92,95,91,98,98,NTI
Angelica Hale,76,61,62,68,63,62,87,66,72,72,NTI,NTI,EXC,72,64,73,EXC,68,69
Samuel Navarro,EXC,68,85,EXC,67,60,78,66,75,57,57,67,EXC,81,67,70,67,NTI,68
Todd Rodriguez,70,85,68,73,EXC,93,NTI,88,78,46,81,72,96,61,61,78,54,81,94
Megan Anderson,68,63,50,76,76,NTI,62,52,68,72,59,68,66,67,75,59,62,60,62
Jessica Campbell,NTI,NTI,59,NTI,EXC,66,83,66,72,54,NTI,73,72,64,53,57,61,70,NTI
Meagan Cooke,84,68,93,68,NTI,82,82,80,80,93,NTI,76,87,99,74,86,78,86,EXC
Elizabeth Parker,65,68,81,57,50,69,69,44,60,71,64,71,72,53,83,61,61,59,52
Susan Washington,58,EXC,71,75,79,56,NTI,57,45,63,68,71,NTI,67,69,60,74,63,NTI
Rebecca Estrada,90,EXC,80,83,92,99,76,89,72,73,91,71,76,55,76,70,83,70,65
Christopher Krueger,66,91,NTI,83,70,61,79,87,75,97,89,98,87,NTI,NTI,EXC,74,88,73
Veronica Davis,75,67,76,75,84,83,81,65,87,71,61,82,73,73,91,93,68,78,NTI
Natasha Hunt,67,56,86,NTI,70,76,74,69,54,56,63,49,EXC,84,63,80,NTI,NTI,52
Kathleen Vega,88,68,81,78,87,NTI,96,96,98,88,NTI,87,NTI,NTI,100,NTI,84,89,86
Michael Price,73,74,67,64,71,70,46,61,EXC,82,50,68,73,67,69,63,57,86,62
Vincent Flores,61,67,49,71,55,84,59,79,81,63,69,54,54,71,50,66,79,59,57
Colleen Huynh,73,79,EXC,NTI,85,78,83,88,80,93,87,66,NTI,65,69,NTI,85,73,89
Samantha Cervantes,66,63,85,64,86,62,98,NTI,76,70,78,57,77,76,80,75,64,76,75
Bradley Galloway,79,73,83,72,57,EXC,80,71,EXC,NTI,76,64,65,NTI,77,74,83,NTI,56
Timothy Murphy,70,89,54,55,72,79,66,72,70,80,76,NTI,74,67,85,86,84,EXC,57
Brittney Moreno,75,86,80,70,46,64,61,64,74,64,61,73,59,NTI,73,70,NTI,65,68
David Jones,64,62,58,73,NTI,60,62,73,88,83,67,82,EXC,78,63,81,89,83,81
Erica Thomas,77,64,86,70,68,70,67,78,69,65,78,NTI,62,NTI,66,74,68,82,84
Jennifer Neal,47,54,67,65,60,47,56,66,NTI,73,51,73,51,52,66,59,58,68,75
Leslie Osborn,74,77,EXC,64,54,85,84,81,73,59,56,62,68,73,71,NTI,77,78,78
Mary Chapman,68,62,52,58,57,59,NTI,NTI,46,73,NTI,71,54,NTI,76,44,58,57,66
Kelsey Watkins,66,EXC,82,NTI,71,63,NTI,72,90,71,80,77,70,76,84,70,90,84,76
Brandon Williams,73,76,51,NTI,70,NTI,86,83,79,76,88,74,73,84,85,NTI,82,84,74
Darren Palmer,75,80,66,88,68,78,75,76,42,63,59,77,94,88,76,68,80,81,63
Laura Vazquez,64,64,75,97,69,76,NTI,67,61,NTI,NTI,72,76,73,87,82,60,93,68
Kyle Horton,56,33,44,34,NTI,40,54,28,EXC,41,NTI,49,NTI,52,NTI,NTI,54,43,41
Stephanie Lewis,43,34,EXC,21,36,33,30,36,45,36,33,34,36,50,24,38,42,43,37
Ricky Jones,78,72,74,95,84,84,85,81,75,62,72,NTI,NTI,86,93,77,70,87,NTI
Eileen Jackson,59,57,62,87,75,NTI,78,NTI,62,95,75,81,EXC,80,74,EXC,67,65,EXC
Regina Mckinney,EXC,78,64,63,78,58,73,76,71,74,72,46,97,61,98,75,65,71,63
Maria Ramos,73,74,85,NTI,74,65,82,69,79,59,75,92,87,71,74,79,72,80,67
Mitchell Palmer,93,86,88,72,72,81,67,80,80,80,74,83,EXC,80,72,71,72,81,71
Michael Jackson,69,67,91,74,73,91,87,73,77,69,EXC,EXC,66,90,89,67,EXC,91,88
Timothy Peters,56,62,71,57,70,78,58,55,75,77,EXC,49,65,55,78,83,66,61,79
Matthew Hood,86,85,70,94,81,86,84,NTI,EXC,80,99,74,99,EXC,69,89,77,65,90
Robert Mitchell,75,65,EXC,80,68,NTI,90,87,70,86,EXC,87,89,69,87,46,73,65,84
Christopher Charles,NTI,NTI,63,78,70,89,70,83,81,93,60,89,91,74,86,78,77,69,75
Michael Bowman,89,85,70,NTI,64,64,EXC,91,76,89,65,89,74,75,NTI,59,EXC,80,80
Andrew Brooks,65,66,66,64,64,94,61,74,61,NTI,60,72,EXC,73,55,88,84,58,50
Sheri Welch,76,85,82,69,87,73,89,87,94,70,EXC,71,78,65,76,72,74,74,83
Michael West,70,56,77,63,55,86,90,EXC,79,45,70,59,47,67,63,59,65,67,72
Doris Sanchez,79,70,90,77,EXC,73,80,89,92,65,91,NTI,NTI,79,81,93,NTI,NTI,84
Steven Benson,76,74,NTI,86,66,70,76,62,63,77,75,EXC,60,NTI,NTI,69,60,66,NTI
Debra Miller,78,83,76,NTI,64,96,74,79,80,NTI,EXC,75,NTI,76,NTI,90,67,78,74
Matthew Malone,56,NTI,71,NTI,67,76,65,70,NTI,65,EXC,EXC,65,77,NTI,NTI,EXC,62,64
Darius Crawford,94,91,79,81,98,82,83,85,73,64,79,NTI,92,74,85,84,52,89,84
Susan Allen,49,NTI,EXC,60,54,43,64,45,NTI,62,56,59,53,55,59,54,53,47,66
Kim Bell,84,96,93,90,92,93,100,95,97,95,98,96,83,98,90,EXC,96,79,100
Zachary Clark,76,96,NTI,91,87,94,84,99,88,86,93,98,87,NTI,EXC,NTI,97,NTI,NTI
Amanda Taylor,64,98,EXC,67,66,70,72,59,61,60,74,87,84,NTI,EXC,53,84,54,63
Andrew Martinez,NTI,82,69,88,EXC,84,EXC,96,83,66,86,70,80,87,72,78,85,85,82
Juan Mcgee,73,76,67,63,92,80,83,79,89,88,89,74,79,68,88,81,100,86,84
Brian Barnes,EXC,79,73,87,80,NTI,63,EXC,69,67,NTI,62,64,59,66,85,57,EXC,EXC
Lindsay Blevins,EXC,73,67,NTI,78,94,78,EXC,88,99,NTI,84,85,78,71,EXC,87,76,75
Courtney Johnson,87,NTI,75,NTI,EXC,84,74,81,85,64,83,75,91,78,EXC,67,87,95,75
April Thomas,78,81,75,89,55,69,84,84,81,85,97,84,NTI,93,73,95,63,77,58
Sarah Richardson,61,76,91,50,80,84,75,78,83,61,88,76,68,66,74,82,84,76,76
Vincent Davis,NTI,99,NTI,77,92,96,90,87,NTI,NTI,82,NTI,95,84,NTI,86,81,93,80
Matthew Rodriguez,76,96,91,87,98,98,96,NTI,94,NTI,89,92,71,83,92,82,97,89,85
Adam Hall,EXC,55,44,59,59,51,50,76,EXC,31,49,60,39,53,39,60,48,50,NTI
Andrew Cox,76,67,63,82,84,75,73,85,50,78,65,70,80,86,88,56,64,73,78
Katie Owens,87,60,NTI,79,70,66,81,EXC,91,77,73,74,61,61,59,59,NTI,73,77
Lynn Stevens,69,EXC,94,85,68,90,69,94,EXC,98,90,82,91,EXC,93,76,58,99,64
Cynthia Wright,89,79,68,66,66,55,78,70,78,74,80,NTI,62,58,77,NTI,79,90,62
Rodney Yang,61,70,66,65,69,80,60,64,NTI,68,72,79,64,71,76,66,47,84,81
Kathleen Woods,60,59,64,36,76,68,77,52,59,NTI,47,75,NTI,NTI,55,74,EXC,61,54
Wendy Quinn,80,75,92,97,77,NTI,88,72,NTI,67,NTI,78,82,68,91,87,84,88,78
Michael Wallace,69,73,68,80,NTI,61,100,90,76,81,91,54,82,100,80,73,84,56,82
Susan Henderson,59,NTI,71,50,61,58,75,NTI,72,73,57,69,80,63,56,66,63,75,70
Isabella Jackson,67,66,76,67,85,EXC,93,83,95,77,94,83,73,77,67,68,75,EXC,72
Andrew Miller,NTI,87,86,89,95,92,NTI,88,75,NTI,99,97,96,86,EXC,96,90,74,100
Samantha Leach,79,93,65,66,82,84,84,85,68,95,86,67,87,75,NTI,72,85,EXC,80
Justin Allen,96,84,66,84,80,70,58,58,78,71,84,72,76,80,90,EXC,69,81,63
Tami Franklin,66,NTI,65,77,72,70,54,66,85,40,63,66,70,56,40,64,63,63,59
Timothy Castillo,73,70,68,65,58,50,71,69,65,77,62,67,58,EXC,68,55,61,EXC,71
