Name,HW1,HW2,HW3,HW4,HW5,HW6,HW7,HW8,HW9,HW10,Project1,Project2,Quiz1,Quiz2,Quiz3,Quiz4,Test1,Test2,Final1
Kirsten Marshall,63,63,54,56,69,68,58,64,43,60,80,76,EXC,61,50,55,61,69,78
Rebecca Espinoza,72,NTI,56,NTI,91,76,65,67,69,83,67,70,NTI,71,67,50,59,67,NTI
Joshua Davenport,85,97,91,92,80,NTI,93,87,94,91,87,96,90,82,100,EXC,99,100,94
Teresa Ward,75,75,82,74,87,89,88,EXC,97,82,72,81,64,76,81,86,70,77,76
Erica Hayes,92,NTI,87,87,80,75,73,78,70,NTI,76,92,75,87,80,88,66,EXC,80
Deborah Burke,63,NTI,64,71,NTI,69,60,74,90,79,63,71,65,67,76,85,63,68,NTI
Denise Smith,EXC,51,70,65,77,NTI,69,64,66,66,NTI,61,70,65,79,45,EXC,83,67
Mitchell Valencia,70,54,54,62,71,52,88,72,66,68,NTI,45,74,69,68,43,64,EXC,58
Steven Friedman,35,52,37,56,42,61,67,58,72,57,72,55,56,49,44,66,68,54,66
Lindsey Diaz,83,89,99,75,80,80,100,93,84,68,76,91,65,71,EXC,75,69,82,77
Brendan Baker,51,49,52,79,72,74,74,84,62,53,NTI,68,76,EXC,61,62,63,67,73
Lisa Callahan,76,82,92,62,71,59,67,84,50,70,55,49,74,EXC,73,NTI,69,69,84
Amy Miller,91,93,92,NTI,77,91,EXC,95,90,90,74,72,78,90,74,58,EXC,NTI,98
Alyssa Delacruz,91,89,70,85,90,85,83,93,98,86,94,84,99,83,93,94,88,94,83
Craig Bennett,90,NTI,87,87,95,97,70,88,83,79,66,EXC,70,83,95,83,NTI,83,96
Jeremy Jones,79,74,67,83,87,77,82,88,83,81,NTI,74,80,83,74,79,86,84,71
Charles Brown,48,EXC,82,62,89,63,67,75,71,75,74,78,68,75,68,69,86,65,98
Nicholas Barnes,69,57,63,79,60,70,68,72,71,64,73,NTI,80,70,64,76,56,48,58
Mark Nelson,NTI,76,75,69,EXC,NTI,54,70,85,76,64,84,89,NTI,66,64,74,68,62
Jill Kim,91,69,64,93,82,100,86,NTI,92,96,94,86,91,88,81,89,82,83,99
Brandi Smith,58,54,49,56,61,59,48,57,48,51,56,72,56,77,39,54,60,NTI,61
Rhonda Brown,73,59,59,70,76,64,72,80,70,63,57,68,75,EXC,72,99,75,75,65
Sean Webster,NTI,54,EXC,73,60,NTI,75,75,60,73,54,82,71,49,75,64,85,EXC,63
Matthew Zhang,92,94,96,91,92,NTI,95,84,84,93,98,82,88,90,97,88,76,81,94
Pamela Jackson,72,77,91,91,90,85,76,84,92,91,97,97,66,85,93,82,93,70,98
Wendy Ponce,77,67,EXC,62,62,76,81,80,80,71,62,66,75,71,77,72,67,79,80
Brent Washington,68,88,79,86,84,78,73,81,NTI,69,60,76,68,EXC,80,84,64,73,84
Denise Wood,75,EXC,83,91,NTI,96,92,NTI,98,88,94,87,83,78,94,93,87,89,90
Mark Campbell,NTI,88,NTI,67,NTI,82,98,56,78,85,77,NTI,78,85,87,93,70,79,85
Jennifer Gay,60,82,EXC,86,86,75,62,64,72,90,71,75,65,77,72,75,68,71,80
Jesse Tanner,67,97,NTI,84,67,NTI,98,90,68,96,79,91,97,89,75,87,94,86,92
Stephanie Foster,76,81,80,91,77,75,78,86,79,73,79,87,44,73,98,88,94,90,93
Brandon Cook,EXC,75,EXC,74,94,89,78,83,86,76,82,EXC,80,88,79,NTI,75,79,94
Natalie Bush,80,80,96,73,82,81,NTI,74,73,92,78,92,NTI,92,91,90,73,80,74
Mark Rocha,74,74,86,69,72,61,59,NTI,83,NTI,63,68,68,98,75,70,68,66,63
Diana Warner,80,74,74,71,72,68,86,70,83,78,78,84,91,EXC,99,85,99,83,EXC
Luis Robbins,64,68,65,64,55,82,56,68,92,67,54,56,67,54,91,57,55,56,62
Troy Solis,99,93,94,78,90,92,84,95,95,77,70,54,98,98,83,90,NTI,88,82
Amber Perez,95,98,75,95,70,NTI,90,87,69,58,EXC,EXC,98,83,86,78,95,79,94
Erica Harris,77,84,98,83,75,NTI,78,84,NTI,EXC,NTI,61,64,71,54,71,78,NTI,90
Heather Blair,62,51,79,EXC,76,47,59,76,56,77,53,53,51,EXC,EXC,56,66,59,53
Andrew Smith,NTI,73,53,67,66,77,67,60,65,50,68,64,NTI,74,75,61,67,46,62
Justin Medina,65,78,89,73,77,70,69,83,62,81,65,NTI,57,94,72,75,77,82,NTI
Christopher Knight,67,67,79,71,69,64,NTI,56,69,73,EXC,73,57,55,48,77,71,77,57
Meghan Olsen,71,63,90,91,79,95,68,76,75,78,58,85,68,81,81,69,82,60,71
Brad Nguyen,NTI,96,74,75,77,86,98,NTI,NTI,86,81,54,99,74,81,77,88,81,76
Jason Benjamin,45,55,60,58,57,61,51,58,45,67,EXC,69,43,58,91,52,54,68,42
Martin Sims,69,46,63,NTI,NTI,52,67,66,57,NTI,63,58,NTI,85,84,EXC,84,77,NTI
Brian Garcia,72,82,62,76,69,78,69,80,65,61,76,58,50,74,58,65,56,56,61
Jon Ford,87,96,79,73,85,80,83,83,75,77,95,47,EXC,74,84,81,EXC,79,87
James Bernard,97,84,89,96,96,87,88,NTI,NTI,95,76,86,99,93,98,99,EXC,79,97
Nicole Wilson,60,71,70,60,69,60,48,72,65,55,81,EXC,67,75,70,72,73,56,62
Jesus Garcia,70,67,63,76,NTI,NTI,70,NTI,60,73,72,80,NTI,74,57,67,EXC,74,61
Cody Hardy,74,68,70,62,56,72,55,58,67,67,67,66,54,66,66,68,NTI,75,60
Kristina Summers,90,96,83,NTI,100,72,EXC,NTI,98,99,80,EXC,90,95,74,79,97,92,NTI
Adrian Mullins,75,88,73,73,82,67,91,72,88,69,71,75,79,77,61,89,59,56,90
Bryan Brown,NTI,78,85,69,61,82,66,95,65,86,70,81,66,66,EXC,79,76,78,87
Tiffany Henson,61,75,71,66,77,60,75,NTI,79,72,77,84,83,NTI,76,NTI,EXC,79,82
Shawn Thomas,67,87,76,72,75,95,70,77,94,75,90,62,94,82,75,55,72,EXC,67
Kelly Tucker,71,89,96,95,90,91,95,82,89,82,82,81,98,95,69,88,94,78,87
Jasmine Watts,49,48,86,57,92,66,50,75,59,70,EXC,89,82,79,83,71,NTI,68,68
Calvin Aguilar,91,97,91,79,95,95,84,NTI,88,57,NTI,86,97,86,85,71,75,NTI,99
Robert Hernandez,41,57,47,56,64,EXC,54,NTI,52,53,64,69,51,40,52,37,73,60,NTI
Sophia Davis,NTI,73,65,75,67,53,71,76,72,67,59,85,80,NTI,58,58,65,61,75
Kathryn Lewis,72,83,66,77,EXC,74,85,82,62,75,79,81,63,67,76,77,73,92,EXC
Barbara Morgan,86,96,NTI,79,90,73,93,82,77,94,EXC,90,EXC,84,59,75,89,73,86
Brandon Morris,EXC,90,62,82,65,60,76,65,65,59,68,60,EXC,73,76,76,64,80,78
John Whitehead,79,65,70,77,48,70,65,74,NTI,65,79,EXC,70,73,EXC,71,67,65,77
Elizabeth Flowers,92,NTI,88,NTI,84,84,95,99,76,82,88,89,77,93,EXC,EXC,72,90,NTI
Jessica Mcgee,77,55,71,57,75,59,69,78,EXC,58,72,72,72,65,66,85,48,78,52
Howard Brown,52,71,69,86,75,81,95,83,EXC,76,78,77,72,EXC,62,88,75,EXC,80
Mary Madden,77,63,77,EXC,87,55,72,72,73,79,73,56,57,73,79,61,80,81,79
Brandon Little,67,NTI,69,95,73,76,78,72,85,90,86,88,63,84,NTI,85,68,84,68
Mario King,80,67,77,72,88,95,87,77,84,92,72,70,90,81,92,76,82,86,95
Derek Foley,NTI,92,96,91,92,87,94,87,83,99,94,91,79,85,69,97,88,99,NTI
Steve Clark,53,64,59,62,63,63,51,48,56,45,62,70,51,61,48,58,71,50,EXC
Andrew Charles,93,88,87,88,95,EXC,93,95,89,100,94,91,99,NTI,79,100,98,92,90
Eric Cooper,99,89,72,75,63,93,70,74,83,83,75,67,65,76,70,74,85,67,NTI
Aaron Russell,85,73,63,70,68,84,EXC,72,91,68,79,EXC,85,76,74,76,EXC,EXC,96
Paula Fox,64,67,82,84,80,88,66,85,98,NTI,75,78,NTI,93,EXC,82,78,81,93
Brooke Mejia,72,74,EXC,84,82,76,84,46,80,68,62,67,77,66,NTI,57,66,68,67
Paul Barnett,EXC,81,NTI,91,81,88,NTI,80,80,80,78,97,86,69,88,99,72,80,NTI
Angel Rhodes,76,80,83,78,70,77,81,EXC,87,100,73,86,68,85,84,89,74,72,71
Jennifer Wilcox,85,75,80,71,65,EXC,68,65,67,85,88,59,64,84,53,82,76,80,62
Jasmine Brown,80,71,NTI,68,55,61,EXC,100,58,94,73,70,67,72,68,83,73,NTI,72
Matthew Brown,EXC,EXC,79,89,95,81,63,EXC,EXC,82,100,91,89,95,82,80,88,86,93
Dawn Love,84,80,84,99,92,77,83,75,93,73,82,97,88,EXC,NTI,88,95,87,76
Christine Williams,58,72,76,74,64,72,65,77,75,NTI,72,83,70,NTI,77,82,NTI,89,NTI
Aaron Bates,90,70,59,65,98,79,75,83,50,EXC,82,72,68,78,64,65,NTI,74,65
Crystal Ortega,71,55,79,58,72,54,71,63,84,82,81,56,76,53,63,70,68,83,56
Alexandra Harrell,66,79,EXC,67,72,76,84,60,56,70,65,62,85,55,59,66,72,79,69
Laura Powers,76,71,NTI,50,83,64,71,97,77,79,73,69,72,78,65,81,60,87,NTI
Richard Schmidt,80,64,72,86,79,75,79,67,79,62,80,93,75,77,94,90,75,89,86
Lee Ray,NTI,77,56,59,62,69,72,73,69,43,41,43,50,55,67,60,70,49,48
Colleen Moore,71,80,77,52,69,63,75,75,NTI,65,77,71,71,53,54,77,56,55,83
Jeanette David,NTI,86,76,84,75,NTI,82,76,84,83,93,72,63,86,91,86,NTI,73,94
Mary Martinez,63,EXC,65,63,74,71,63,69,68,63,69,70,76,EXC,80,80,75,76,74
Rebecca Harris,74,80,69,70,55,69,85,63,55,72,EXC,EXC,60,81,85,NTI,72,74,NTI
