Name,HW1,HW2,HW3,HW4,HW5,HW6,HW7,HW8,HW9,HW10,Project1,Project2,Quiz1,Quiz2,Quiz3,Quiz4,Test1,Test2,Final1
Kirsten Marshall,51,65,59,77,EXC,74,72,82,76,76,71,EXC,69,87,66,81,54,72,70
Jesus Brown,82,68,80,63,66,72,78,55,81,74,60,71,71,75,72,59,63,64,80
Daniel Gill,NTI,71,77,NTI,78,67,76,NTI,84,EXC,80,70,60,EXC,EXC,81,EXC,77,93
John Bray,87,79,62,70,78,53,83,56,78,75,72,81,88,83,65,73,61,83,59
Ronald Miller,83,52,86,75,EXC,EXC,77,65,56,72,70,86,50,85,68,56,58,59,70
Eric Knapp,EXC,72,74,58,91,83,79,97,72,78,73,54,67,62,66,80,77,66,79
Jason Suarez,78,84,75,91,71,75,74,65,83,76,EXC,61,78,88,80,68,66,84,86
William Wilson,75,80,73,74,80,81,76,88,88,67,80,82,78,90,85,84,77,EXC,72
Angela Vasquez,NTI,80,91,78,75,83,92,85,69,78,95,68,77,71,84,89,83,73,81
Deborah Burke,63,65,EXC,74,72,64,EXC,70,79,84,79,82,67,65,72,90,83,78,100
Kelly Castro,88,98,88,100,92,100,89,NTI,86,100,82,86,95,73,89,88,92,98,91
Kathryn Strong,68,76,50,EXC,75,68,64,76,74,61,NTI,57,68,70,71,54,67,86,69
Douglas Olsen,NTI,65,75,55,66,69,51,65,62,66,NTI,61,76,78,68,85,68,NTI,70
Holly Sanders,72,80,76,76,76,53,71,78,NTI,74,65,NTI,71,72,74,71,74,NTI,75
Richard Matthews,61,54,68,72,65,78,69,NTI,NTI,66,68,56,59,45,71,48,54,EXC,77
Jason Cunningham,89,82,83,79,94,70,91,99,52,79,69,89,78,70,90,85,80,99,88
Gloria Smith,80,92,EXC,74,88,90,92,NTI,NTI,67,95,68,84,91,81,92,77,90,91
Mitchell Valencia,72,95,77,82,NTI,85,92,89,81,72,82,88,94,76,79,77,91,95,74
Christopher Bray,EXC,66,76,63,59,47,76,NTI,99,76,98,66,75,77,62,69,55,73,84
Sydney Gray,76,91,84,98,75,87,78,84,83,98,87,83,83,67,86,66,92,81,83
Donna Davis,83,93,75,66,74,74,80,72,86,68,86,68,72,80,73,77,88,70,83
Debra Thomas,68,79,77,68,NTI,67,80,62,58,64,EXC,71,78,77,63,NTI,61,70,48
Lindsey Diaz,75,87,62,91,94,NTI,94,59,84,82,85,59,88,81,82,99,66,90,97
Joshua Green,58,70,82,57,NTI,70,75,62,56,81,88,NTI,67,88,71,81,65,NTI,90
Sandra Graham,76,73,84,67,55,64,68,56,71,NTI,83,81,73,EXC,68,80,72,79,79
Kevin Brooks,NTI,EXC,76,NTI,72,73,82,80,73,74,78,NTI,69,86,95,67,80,56,NTI
Jimmy Watts,NTI,69,85,EXC,80,82,98,81,77,87,64,74,74,85,76,87,71,88,95
Hannah Chandler,86,NTI,67,65,76,67,74,92,82,64,84,77,61,79,71,75,64,NTI,82
Cole Miles,51,70,73,63,57,62,EXC,49,57,67,55,59,46,67,67,50,62,63,60
Stephanie Higgins,60,78,52,EXC,63,60,74,62,70,79,84,60,NTI,66,78,69,64,89,61
Megan Davis,66,75,75,74,82,81,67,71,85,65,EXC,71,88,81,88,68,78,58,77
Brandi Lawrence,73,EXC,91,93,85,89,75,92,94,EXC,88,68,86,88,88,78,95,87,87
Vanessa Hensley,81,85,83,93,88,74,82,82,97,86,EXC,NTI,81,70,87,78,96,79,74
Joshua Cruz,87,100,82,96,89,90,81,NTI,89,EXC,82,96,85,89,68,93,93,93,95
Angelica Andersen,95,NTI,68,94,88,92,99,82,85,91,NTI,91,91,75,82,73,93,EXC,91
Alyssa Delacruz,NTI,89,NTI,71,67,82,60,77,80,82,70,76,78,84,80,92,72,82,88
Yvette Ross,59,79,62,58,61,55,63,84,60,64,85,67,65,74,72,77,60,77,77
Renee Joyce,91,93,85,79,NTI,93,NTI,75,99,93,96,EXC,93,99,81,EXC,91,96,NTI
Charles Brown,92,76,61,59,NTI,87,83,73,NTI,69,EXC,82,61,NTI,66,73,EXC,74,65
Amanda Lee,66,54,62,60,83,61,55,66,60,EXC,60,51,52,49,47,70,NTI,59,47
Rebecca Jackson,86,73,EXC,74,NTI,76,73,92,83,85,96,84,86,87,75,98,EXC,66,91
Linda Fowler,98,55,70,72,77,EXC,69,72,82,86,68,82,90,83,84,64,97,67,78
Christine Barnes,55,61,92,56,77,55,67,74,60,89,66,NTI,56,65,38,81,50,45,50
Renee Kirk,71,94,81,72,58,70,68,71,85,71,74,NTI,85,78,50,77,63,78,EXC
Nicholas Barnes,70,69,64,59,51,61,52,NTI,73,48,56,EXC,52,64,70,NTI,69,63,54
Jill Kim,79,84,90,NTI,82,90,100,87,83,80,92,EXC,79,65,82,81,88,89,93
Sarah Hill,57,60,74,NTI,57,62,77,66,NTI,74,62,74,64,79,74,82,NTI,83,65
Richard Rodriguez,70,59,62,74,80,74,65,81,79,80,64,NTI,83,73,65,44,71,75,87
Justin Robinson,69,66,57,85,NTI,63,82,NTI,EXC,65,79,56,42,68,68,57,37,44,47
William Lindsey,66,72,85,81,86,73,76,87,73,98,79,83,76,74,63,EXC,67,94,86
Elizabeth Parker,77,65,86,55,61,65,60,73,74,71,63,43,60,68,71,67,NTI,NTI,77
Rebecca Estrada,80,92,77,72,NTI,84,80,EXC,85,75,97,90,EXC,NTI,90,79,80,68,92
Brenda Wilson,89,86,EXC,67,84,72,68,86,82,73,NTI,95,77,87,73,67,80,92,66
John Taylor,84,84,NTI,81,84,89,EXC,98,90,72,79,87,84,NTI,NTI,96,72,NTI,87
Brent Washington,89,NTI,97,73,83,65,71,73,72,76,73,98,NTI,67,76,84,72,77,82
Dylan Rios,NTI,EXC,94,78,86,NTI,87,89,97,90,EXC,95,81,88,85,97,84,76,EXC
Stacy Rodriguez,84,83,77,88,68,81,NTI,76,81,NTI,69,58,76,80,43,79,73,NTI,NTI
Katherine Salazar,92,75,92,82,73,89,86,77,71,68,88,77,82,58,71,53,83,78,82
Patricia Lawrence,81,EXC,93,91,86,76,73,EXC,82,93,96,89,89,92,EXC,97,83,91,EXC
Jerry Mcbride,80,76,71,57,72,69,57,66,63,61,57,71,60,71,59,85,53,58,79
Troy Solis,66,65,77,83,69,67,76,51,55,57,64,60,61,69,63,76,72,64,66
Amber Perez,49,62,39,51,40,59,49,52,62,71,68,81,65,65,75,74,60,85,69
Erica Harris,NTI,70,63,60,72,69,81,EXC,83,87,70,NTI,74,57,68,75,67,67,86
Brittney Moreno,88,80,69,63,59,69,72,74,69,64,73,65,NTI,72,65,73,89,60,72
David Jones,66,NTI,81,NTI,75,75,78,89,62,77,54,NTI,73,64,80,73,91,77,83
Jennifer Neal,86,NTI,86,57,NTI,94,87,80,79,82,77,76,97,95,78,85,EXC,92,NTI
Andrew Smith,74,85,66,56,75,60,68,67,69,69,EXC,70,67,62,84,45,70,81,69
Charlotte Caldwell,96,85,78,93,85,89,EXC,90,69,84,70,97,93,93,76,94,82,81,87
Mary Gomez,56,65,53,63,54,53,74,48,56,60,75,78,66,57,60,70,63,75,58
William Taylor,EXC,79,81,59,76,87,70,83,68,87,EXC,80,72,69,73,69,81,80,73
Jason Benjamin,93,NTI,73,95,79,69,NTI,NTI,NTI,82,76,EXC,63,92,77,67,53,EXC,86
Brandon Williams,EXC,84,73,82,EXC,89,76,87,69,90,69,69,80,80,87,81,65,60,80
Raymond Orozco,100,69,93,92,76,92,73,73,70,82,92,99,85,77,94,80,93,84,81
Laura Vazquez,70,79,90,66,73,67,80,75,85,80,71,82,79,72,82,NTI,NTI,EXC,70
Alicia Williams,72,70,73,64,45,62,56,NTI,78,64,66,61,54,65,EXC,66,72,61,71
Daniel James,62,75,63,69,66,81,62,70,72,73,NTI,69,54,71,60,72,58,62,65
Brian Garcia,82,83,83,91,82,81,NTI,86,80,NTI,96,75,98,78,71,57,88,NTI,68
John Joseph,70,70,75,56,60,64,86,75,59,84,65,88,68,EXC,77,88,56,72,EXC
Laura Cummings,70,65,68,NTI,NTI,73,64,71,61,68,73,83,NTI,95,51,85,69,76,73
Jesus Garcia,72,69,51,66,EXC,43,73,57,66,56,67,42,67,63,60,56,58,49,47
Stephanie Lewis,84,85,91,94,88,88,94,89,84,95,79,79,95,77,EXC,82,81,85,83
Eileen Jackson,74,97,79,89,EXC,80,72,91,91,100,79,85,93,90,88,76,76,80,91
Regina Mckinney,75,79,70,72,61,60,59,77,52,67,68,54,77,69,EXC,81,63,50,64
Cody Hardy,56,43,59,47,50,63,43,55,60,NTI,69,45,31,55,46,64,50,NTI,54
Kristina Summers,74,73,68,78,79,66,76,EXC,67,75,EXC,76,75,85,76,87,NTI,85,78
Christopher Ford,92,66,65,75,72,58,68,64,58,70,81,NTI,64,79,84,56,72,82,NTI
Bryan Brown,61,75,67,68,68,NTI,88,77,90,80,81,79,72,65,NTI,84,61,89,78
Jeremy Mahoney,77,92,60,81,EXC,72,67,78,78,80,78,77,77,79,73,71,65,63,75
Kaitlyn Delgado,70,77,65,77,68,82,55,EXC,57,77,58,60,59,49,55,65,75,EXC,62
Kelly Tucker,77,86,83,90,83,EXC,62,67,EXC,EXC,75,72,55,65,NTI,98,86,52,74
Tiffany Schmidt,52,58,39,49,61,50,49,48,58,55,30,57,62,52,55,58,NTI,47,50
Calvin Aguilar,56,66,56,55,56,59,EXC,52,51,49,EXC,69,66,54,62,67,NTI,56,60
Ashley Young,78,63,78,84,86,69,74,68,91,88,86,79,74,57,72,76,64,81,83
Sheri Welch,91,98,96,84,79,84,94,87,78,92,92,87,92,69,83,94,71,100,90
Victor Wilson,86,93,99,95,94,EXC,94,96,100,72,93,90,95,95,92,94,95,99,80
Brandon Morris,58,74,EXC,NTI,47,65,57,55,80,79,NTI,61,57,50,70,NTI,72,58,54
John Whitehead,70,88,56,83,84,NTI,58,68,75,71,77,72,63,87,81,55,58,74,70
Harold Daniel,EXC,89,93,73,55,85,81,92,89,82,85,86,EXC,88,83,97,92,74,NTI
Doris Sanchez,75,72,62,62,56,60,68,63,67,63,71,61,59,61,60,66,79,54,48
Debra Miller,85,84,EXC,71,64,80,86,70,83,52,80,83,59,70,82,68,53,72,74
Christopher Peterson,55,96,68,71,64,78,72,70,86,77,75,NTI,82,84,76,57,98,67,NTI
Jessica Mcgee,58,NTI,67,63,76,NTI,65,65,NTI,76,56,69,74,NTI,72,72,70,66,66
Howard Brown,NTI,75,89,79,62,NTI,70,71,81,67,81,EXC,83,94,77,77,77,73,72
David Johnson,98,NTI,99,90,92,97,96,93,94,98,NTI,95,98,EXC,EXC,99,99,97,95
Adam Diaz,67,NTI,57,77,85,NTI,73,81,91,81,73,NTI,79,NTI,79,87,68,79,82
Beverly Leonard,75,NTI,86,83,EXC,70,83,89,77,70,69,53,71,88,85,83,64,NTI,80
Joshua Long,78,83,79,79,98,77,90,83,70,79,76,95,80,NTI,79,NTI,87,76,88
Michael Marshall,77,74,72,75,93,75,83,81,89,72,71,83,69,63,79,81,NTI,79,63
Mario King,86,76,76,75,94,76,67,65,76,80,83,NTI,80,66,55,87,63,81,77
Kim Bell,86,74,69,73,82,EXC,90,68,NTI,95,74,87,83,74,NTI,96,70,86,NTI
Ruben Martinez,95,88,NTI,79,77,89,84,NTI,96,90,95,NTI,EXC,98,91,100,100,NTI,96
Jason Cummings,78,69,84,86,69,73,77,70,NTI,NTI,74,85,83,79,83,85,86,77,76
Amanda Taylor,60,88,78,56,92,71,83,71,57,76,66,63,78,83,66,75,75,94,69
Mary Spencer,NTI,65,54,77,74,83,81,73,85,70,79,73,59,74,68,59,53,80,67
Stephen Arroyo,52,54,70,62,89,NTI,68,EXC,NTI,41,69,57,71,68,65,48,NTI,89,NTI
Daniel Taylor,98,86,EXC,95,70,85,100,79,73,86,89,73,94,85,92,94,71,99,81
Barbara Gordon,50,61,69,42,NTI,67,58,51,48,68,57,40,50,EXC,59,61,62,62,47
Calvin Hill,68,74,59,EXC,74,71,79,55,85,60,76,77,48,80,63,74,54,66,80
Jennifer Oconnell,74,57,53,82,86,41,74,52,EXC,75,72,70,84,77,73,81,76,74,62
Stanley Byrd,61,EXC,64,55,85,70,87,89,75,85,61,93,63,77,84,88,59,NTI,74
Joshua Clark,63,71,75,62,63,65,68,68,67,56,NTI,48,37,57,53,88,59,EXC,66
Matthew Smith,91,95,77,91,92,77,87,99,NTI,81,92,84,71,90,NTI,62,EXC,91,97
Stefanie Thompson,77,84,94,73,95,88,78,81,91,72,71,83,73,88,NTI,89,85,60,69
Thomas Small,62,72,51,79,52,EXC,67,85,58,63,EXC,NTI,60,66,37,66,66,58,64
Courtney Johnson,74,77,52,63,NTI,54,46,63,66,52,59,47,77,56,54,43,EXC,55,EXC
Angel Rhodes,EXC,64,55,63,84,74,84,80,62,73,66,71,59,68,74,73,63,63,61
Linda Waters,63,65,NTI,70,65,69,81,81,63,73,73,67,53,41,66,75,63,56,NTI
Justin Case,79,EXC,76,75,87,66,85,68,83,87,91,75,82,90,75,85,83,93,EXC
Sarah Richardson,71,89,89,82,97,96,77,68,81,100,83,EXC,82,79,89,89,86,63,84
Roger Williams,79,63,79,65,60,63,61,55,88,69,82,92,64,59,83,75,77,83,71
Jasmine Brown,80,90,70,81,75,52,82,NTI,74,77,73,76,64,NTI,79,61,84,56,77
Matthew Brown,59,46,75,54,EXC,EXC,67,91,70,71,72,44,63,EXC,51,59,62,57,58
Michael Spencer,89,89,84,99,EXC,90,93,93,79,84,83,EXC,88,66,75,92,74,71,73
Adam Hall,93,87,92,94,90,EXC,79,97,88,EXC,95,86,98,82,100,81,92,98,100
Desiree Smith,61,56,56,59,65,71,68,70,65,38,72,55,84,59,71,54,65,58,51
Christine Williams,70,63,70,60,78,76,87,NTI,84,72,64,79,89,73,70,71,62,89,83
Cynthia Wright,45,72,81,56,59,52,58,74,68,73,69,45,60,45,64,48,62,75,67
Kristi Hill,82,78,53,62,75,65,74,77,59,62,NTI,71,79,72,78,EXC,70,82,EXC
Crystal Ortega,51,NTI,53,70,72,56,70,75,72,81,64,58,60,NTI,62,70,81,54,NTI
Tammy Chandler,80,72,70,72,90,63,63,54,EXC,63,79,81,55,NTI,88,77,79,73,77
Kathleen Woods,86,82,85,94,91,97,86,83,81,65,78,85,85,96,98,94,81,82,75
Erika Ford,65,NTI,74,58,89,76,86,67,60,81,78,76,71,69,83,84,64,70,78
Cesar Lucas,EXC,65,58,83,85,80,79,77,66,71,83,95,90,86,64,77,88,68,73
Jacob Turner,80,86,86,NTI,85,NTI,72,NTI,76,90,94,93,NTI,NTI,77,90,NTI,96,70
Christine Robinson,68,74,75,NTI,62,70,84,91,81,93,83,71,70,84,NTI,89,NTI,75,71
Lee Ray,87,88,94,93,NTI,77,89,94,97,NTI,NTI,100,87,86,91,72,92,90,NTI
Melvin Munoz,96,62,64,96,73,84,77,61,84,87,80,83,78,NTI,78,89,77,68,83
Richard Johnson,77,72,60,64,78,68,55,65,78,78,76,61,EXC,89,84,57,60,EXC,60
Alexis Thomas,78,49,74,45,NTI,71,72,53,72,66,71,64,66,63,58,46,72,EXC,60
Justin Allen,80,93,NTI,95,NTI,94,99,82,95,97,80,100,90,95,NTI,75,70,97,81
Emily Murphy,94,89,76,96,NTI,67,69,63,79,81,92,92,83,NTI,76,72,86,86,98
Tami Franklin,75,EXC,NTI,NTI,34,EXC,51,68,61,51,58,49,68,58,64,42,62,NTI,45
John Austin,66,67,NTI,78,54,EXC,EXC,43,74,70,62,85,70,84,78,88,48,64,60
Rebecca Harris,83,EXC,93,85,89,EXC,74,98,70,92,62,82,80,81,89,91,74,74,73
Richard Barber,72,78,86,73,90,70,EXC,NTI,73,NTI,NTI,82,75,EXC,84,87,65,EXC,70
