Name,HW1,HW2,HW3,HW4,HW5,HW6,HW7,HW8,HW9,HW10,Project1,Project2,Quiz1,Quiz2,Quiz3,Quiz4,Test1,Test2,Final1
Laura Hawkins,EXC,NTI,74,70,NTI,71,NTI,62,59,67,75,68,NTI,78,62,86,EXC,66,67
Ronald Miller,80,81,75,74,82,64,64,95,80,70,52,77,NTI,80,80,74,59,87,74
Joshua Davenport,78,65,77,80,87,68,69,78,84,69,71,75,83,81,74,EXC,65,74,EXC
Jason Suarez,55,67,NTI,59,75,72,85,80,NTI,79,80,82,57,EXC,69,81,55,66,72
Kathryn Martin,88,NTI,EXC,71,64,52,79,68,84,80,74,62,60,81,58,52,67,77,77
Deborah Burke,72,69,86,91,82,82,89,78,57,80,68,82,62,66,90,78,73,96,74
Christopher Thompson,82,86,100,99,88,84,71,86,81,81,87,77,74,67,90,82,EXC,80,71
Melissa Chapman,74,72,77,66,51,74,85,69,68,81,98,82,93,NTI,81,90,88,56,74
Jennifer Johnson,74,72,NTI,62,55,60,82,78,68,70,85,78,87,94,69,71,68,75,69
Douglas Olsen,57,60,50,54,60,57,65,60,52,72,52,63,61,83,53,58,51,60,71
Holly Sanders,88,NTI,100,80,83,NTI,69,81,75,89,60,81,56,NTI,73,75,77,79,83
Mitchell Valencia,86,93,76,93,70,85,EXC,80,91,66,NTI,66,65,78,74,73,91,80,79
Sean Reed,70,57,87,87,68,74,73,72,73,88,50,53,88,73,71,78,69,91,70
Donna Davis,94,78,81,82,75,EXC,71,76,78,81,83,80,75,97,75,82,75,59,87
Lindsey Diaz,89,88,EXC,79,97,75,NTI,83,73,96,76,61,EXC,75,82,86,79,97,89
Michael Hawkins,55,64,67,EXC,69,69,68,72,EXC,74,84,92,73,55,77,NTI,75,69,81
John Cain,87,82,EXC,69,76,85,EXC,71,87,EXC,67,85,76,100,88,91,77,89,76
Hannah Chandler,64,52,75,53,82,NTI,NTI,58,74,71,69,77,70,69,78,61,80,69,71
Stephanie Higgins,70,NTI,NTI,71,61,60,52,60,57,75,NTI,58,EXC,62,78,70,NTI,73,62
Vanessa Hensley,80,80,55,NTI,68,64,82,75,82,69,61,88,73,66,NTI,79,71,91,83
Joshua Cruz,69,89,63,76,70,54,73,56,72,54,NTI,83,57,91,NTI,72,NTI,65,68
Angelica Andersen,82,69,57,62,NTI,77,73,61,65,83,54,52,60,EXC,70,87,77,79,63
Jessica Bright,68,EXC,52,54,43,55,61,43,66,50,49,65,57,NTI,55,70,54,64,62
Jennifer Nichols,59,67,61,78,97,72,62,72,78,54,58,75,79,79,73,74,68,68,74
Renee Joyce,77,78,NTI,59,78,80,55,57,61,NTI,59,66,NTI,49,47,70,55,59,70
Craig Bennett,63,51,69,66,NTI,83,60,66,37,70,76,55,64,60,63,55,61,75,49
Megan Nelson,NTI,66,NTI,70,91,NTI,70,83,79,94,85,65,73,71,64,90,77,81,85
Lisa Davis,77,77,77,62,69,66,86,64,60,47,69,70,78,62,70,53,90,66,EXC
Todd Rodriguez,85,69,75,73,57,69,93,68,58,46,61,80,59,41,NTI,82,71,89,62
Jerome Duran,65,72,71,81,71,56,72,NTI,61,70,67,46,88,65,51,53,72,69,73
Virginia Ramos,69,64,57,70,NTI,64,82,73,81,74,75,58,81,79,76,NTI,78,71,91
Kirk Stone,90,EXC,95,93,99,81,95,89,86,69,NTI,89,91,93,87,79,86,90,92
Justin Robinson,80,79,71,77,90,85,88,82,76,75,92,NTI,82,57,93,75,90,78,92
Eduardo Lawrence,80,85,79,67,96,77,73,74,81,83,81,95,74,80,EXC,84,NTI,81,EXC
Craig Hodge,60,90,74,82,93,87,71,75,82,78,98,74,54,83,76,93,98,79,83
Jessica Campbell,97,EXC,68,82,NTI,92,93,89,88,87,97,94,95,79,75,92,90,83,78
Scott Salas,97,80,79,92,63,89,NTI,67,80,EXC,75,67,75,76,69,NTI,89,64,71
Kristen Flores,58,56,66,85,62,62,50,72,70,67,EXC,59,72,78,51,56,81,80,67
Dale Jones,95,100,EXC,95,89,96,97,92,81,91,95,94,87,EXC,100,85,92,99,83
Matthew Zhang,76,78,73,90,87,77,NTI,69,66,63,91,78,64,75,NTI,47,74,60,73
Brenda Love,70,62,74,66,72,56,50,NTI,66,46,74,33,71,NTI,77,NTI,62,69,55
Michael Blackburn,84,84,78,75,70,77,66,92,88,52,74,84,78,74,69,53,75,46,80
Patrick Stark,70,65,94,82,69,80,85,83,78,85,85,73,84,66,80,EXC,75,76,78
Jennifer Gay,NTI,49,72,NTI,48,69,58,75,78,61,75,55,65,89,73,NTI,57,47,66
Kimberly Owen,88,89,84,77,77,79,91,90,EXC,61,79,87,61,72,69,78,82,66,93
Brandon Cook,99,84,68,75,95,78,84,77,78,93,74,79,81,72,85,66,60,66,90
Charles Morales,67,84,77,72,72,56,96,80,78,81,73,74,91,89,95,EXC,76,85,78
Stacy Rodriguez,74,78,74,82,95,87,EXC,70,62,84,71,89,74,81,EXC,96,67,66,86
Abigail Weber,NTI,78,64,66,NTI,62,63,68,62,97,61,78,55,NTI,80,63,84,73,56
Patricia Lawrence,69,NTI,63,74,56,59,63,80,55,57,75,73,77,82,79,53,EXC,EXC,75
Colleen Huynh,97,74,72,70,58,72,55,EXC,66,60,68,74,37,66,82,67,66,69,64
Jerry Mcbride,61,EXC,EXC,EXC,EXC,EXC,50,62,53,EXC,82,58,78,55,EXC,60,60,74,61
Nancy Smith,67,77,78,78,86,EXC,72,66,66,68,79,NTI,89,61,91,49,79,77,69
Timothy Murphy,61,61,63,65,68,46,EXC,81,56,55,69,73,48,74,61,71,NTI,65,EXC
Heather Blair,51,55,57,41,83,60,71,72,NTI,63,60,63,NTI,64,49,43,53,58,67
Sheri Phillips,EXC,94,76,94,88,78,69,67,98,77,EXC,76,69,NTI,54,95,95,NTI,70
Christopher Knight,79,70,69,54,68,56,59,63,57,62,76,71,69,78,67,61,68,74,72
William Taylor,78,NTI,63,85,63,75,62,91,87,58,69,83,79,71,70,89,68,EXC,85
Kelsey Watkins,74,NTI,77,76,77,87,89,91,80,94,78,85,80,86,68,83,81,86,53
Brandon Williams,68,EXC,45,64,43,59,65,64,53,NTI,59,59,50,65,63,28,70,46,55
Tiffany Huff,82,84,72,80,82,91,97,79,91,83,EXC,91,EXC,NTI,95,78,69,67,85
Laura Vazquez,43,42,57,40,36,56,57,56,54,56,60,41,NTI,51,58,69,54,61,34
Michael Jackson,72,95,91,95,NTI,96,EXC,91,94,86,87,88,92,EXC,NTI,90,90,NTI,NTI
Timothy Peters,83,98,95,81,74,94,97,86,80,85,85,75,83,88,NTI,96,NTI,EXC,78
Robert Mitchell,74,EXC,47,65,79,72,74,66,62,76,68,86,71,65,63,63,70,68,70
Adrian Mullins,85,80,79,96,69,66,80,69,EXC,56,82,77,86,85,62,77,92,69,77
Christopher Charles,79,83,96,92,85,98,89,81,83,84,84,82,87,83,91,77,NTI,97,88
Bryan Brown,83,72,61,88,81,66,74,68,71,68,72,54,82,65,63,78,76,72,NTI
Jeremy Mahoney,61,64,69,61,EXC,69,56,66,88,64,77,67,59,60,61,48,78,56,69
Michael Bowman,82,66,41,64,52,59,63,65,EXC,59,62,67,63,52,69,70,60,61,78
Jonathan Bernard,55,72,74,63,60,71,57,55,68,70,67,38,68,69,55,56,73,66,60
Christopher Campbell,44,60,59,68,68,49,59,66,61,57,55,43,43,59,55,68,59,57,68
Kelly Tucker,75,EXC,63,83,67,96,68,58,76,65,72,73,66,70,78,75,77,97,65
Tiffany Schmidt,70,96,91,83,81,EXC,89,84,91,79,91,95,85,95,70,96,79,87,70
Jennifer Goodman,63,55,63,NTI,62,57,56,61,66,53,73,58,NTI,68,72,62,57,50,NTI
Robert Hernandez,90,100,94,70,78,NTI,78,86,73,93,92,95,88,98,EXC,88,95,97,78
Sheri Welch,84,89,79,95,68,84,87,87,78,EXC,84,72,70,83,EXC,72,73,EXC,86
Michael West,81,46,71,56,60,76,57,58,66,52,59,57,60,75,50,70,EXC,73,54
Heidi Taylor,89,71,NTI,66,90,69,76,NTI,88,66,67,81,69,62,NTI,NTI,55,EXC,79
John Mckenzie,64,65,84,72,70,90,74,75,72,91,77,96,89,80,65,78,59,69,95
Brandon Morris,66,84,76,EXC,69,NTI,76,56,80,77,81,57,73,EXC,77,76,77,71,78
Charles Young,63,57,54,47,51,64,58,55,68,71,68,63,50,58,51,64,71,59,49
John Whitehead,87,NTI,63,NTI,53,69,65,73,69,EXC,65,93,62,67,69,80,79,67,52
Christopher Peterson,75,59,85,59,72,69,68,80,64,63,62,79,81,80,80,80,83,NTI,79
David Johnson,68,82,61,49,68,77,77,48,54,59,76,78,77,51,69,90,81,40,64
Brandon Meyer,75,82,68,85,72,93,63,90,NTI,NTI,79,82,76,NTI,76,NTI,80,72,73
Mary Madden,86,75,81,77,86,88,86,87,72,84,87,88,73,EXC,78,78,81,84,93
Monica Hernandez,61,79,80,67,60,86,68,NTI,91,66,NTI,64,78,60,62,EXC,69,68,84
Darius Crawford,79,75,83,99,95,84,94,75,91,78,75,NTI,91,75,71,NTI,87,80,64
Jaime Moses,72,50,66,70,70,64,61,73,69,63,65,73,65,62,68,73,80,59,82
Kim Bell,73,90,NTI,68,EXC,98,EXC,66,81,NTI,74,91,88,86,EXC,75,59,86,85
Derek Foley,76,EXC,57,49,65,80,71,50,58,41,67,79,74,48,87,74,58,52,NTI
Mary Spencer,80,76,92,83,69,87,87,92,95,100,98,78,EXC,90,95,NTI,90,NTI,83
Calvin Hill,EXC,80,77,69,93,89,79,70,79,88,63,88,87,90,78,70,68,99,90
Jennifer Oconnell,77,71,72,55,87,60,70,NTI,85,63,83,54,73,72,71,69,57,70,80
Thomas Small,83,95,84,89,89,81,84,94,84,88,EXC,NTI,73,83,EXC,90,69,84,96
Lucas Roberts,EXC,71,74,NTI,68,63,48,86,63,74,55,76,62,75,74,59,75,67,47
Carol Holmes,69,76,63,76,78,70,74,66,NTI,77,66,66,NTI,69,86,87,88,92,74
Vincent Davis,NTI,87,69,83,77,96,88,73,64,100,80,83,78,96,65,69,90,64,91
Nicole Richards,63,72,78,91,70,83,81,75,78,81,78,NTI,85,100,84,86,81,86,94
Lynn Stevens,77,63,85,81,EXC,72,85,87,67,81,84,84,92,82,80,NTI,73,78,EXC
Cynthia Wright,67,75,76,85,72,81,67,95,78,55,EXC,79,74,83,83,74,70,82,75
Rodney Yang,84,74,89,85,89,84,86,NTI,93,87,84,92,92,89,75,94,88,NTI,70
Alexandra Harrell,NTI,79,88,93,99,84,77,85,90,NTI,85,88,86,97,88,69,84,79,80
Kathleen Woods,96,99,80,90,76,86,72,96,80,98,85,90,86,87,82,78,100,100,92
Michael Wallace,72,85,99,96,77,83,84,89,88,80,77,88,NTI,94,85,72,84,87,84
Lisa Haynes,88,92,82,83,83,90,94,78,EXC,93,72,84,81,89,78,94,99,82,100
Andrew Miller,78,67,80,69,70,93,65,71,83,99,85,69,NTI,NTI,63,53,50,71,94
Dylan George,78,88,100,79,NTI,99,97,NTI,98,88,93,94,100,100,79,86,EXC,100,EXC
Alejandro Gardner,70,69,94,58,NTI,87,90,95,77,77,74,91,95,68,92,NTI,EXC,NTI,NTI
Richard Johnson,82,63,76,74,68,67,90,76,61,60,59,EXC,66,82,82,68,75,82,84
Jeanette David,58,78,56,48,65,69,63,77,79,74,87,59,87,71,60,78,52,69,68
Angela Arnold,63,87,87,73,64,98,64,85,100,79,72,78,73,93,72,87,73,67,71
