Name,HW1,HW2,HW3,HW4,HW5,HW6,HW7,HW8,HW9,HW10,Project1,Project2,Quiz1,Quiz2,Quiz3,Quiz4,Test1,Test2,Final1
Jesus Brown,70,74,78,74,89,87,73,88,EXC,66,NTI,95,83,67,84,97,68,72,EXC
Ronald Miller,55,60,51,76,57,64,56,60,54,54,48,74,76,60,36,70,70,60,71
Erica Hayes,56,68,EXC,65,61,NTI,70,68,EXC,59,59,73,63,50,47,71,30,56,76
Lawrence James,NTI,38,54,47,78,36,61,59,EXC,69,56,60,55,48,72,60,53,67,66
Matthew Rice,79,64,68,EXC,78,73,EXC,EXC,79,87,83,57,69,57,67,87,74,80,73
Keith Ortega,67,83,NTI,83,73,66,82,55,EXC,NTI,75,72,NTI,70,68,95,68,75,74
Douglas Olsen,77,EXC,74,78,95,97,72,71,EXC,91,95,93,52,77,71,EXC,79,71,84
Richard Matthews,EXC,67,NTI,79,NTI,NTI,73,86,93,81,75,NTI,100,94,NTI,90,97,NTI,64
Jason Cunningham,66,72,NTI,66,86,76,EXC,94,89,75,81,71,78,83,72,67,71,67,70
Andrew Francis,86,73,74,74,73,71,80,71,61,71,EXC,99,100,67,69,74,73,77,72
Christopher Bray,66,40,90,64,64,57,59,58,77,53,65,57,68,72,72,63,57,79,74
Debra Thomas,70,80,86,73,69,60,74,61,NTI,78,60,69,64,78,82,89,86,56,82
Lindsey Diaz,70,88,NTI,87,78,NTI,81,80,68,71,77,85,NTI,65,72,66,82,88,73
Megan Davis,54,85,77,72,77,67,83,64,75,65,54,55,79,79,82,66,72,68,57
Vanessa Hensley,80,96,89,89,79,78,87,89,73,84,79,88,73,77,86,76,84,92,71
Crystal Bradshaw,54,EXC,51,64,41,NTI,EXC,NTI,58,71,72,NTI,65,EXC,62,50,54,NTI,71
Jennifer Butler,55,60,73,67,45,77,82,74,73,NTI,58,60,65,52,69,NTI,76,66,80
Matthew Lewis,76,93,91,94,84,72,99,78,90,79,86,72,72,80,91,88,69,76,77
Jeremy Jones,73,65,88,68,82,68,80,NTI,52,78,65,83,58,72,69,74,82,62,93
Eileen Jacobs,NTI,81,63,84,59,58,88,82,78,75,70,79,70,58,77,66,EXC,NTI,73
Linda Fowler,95,79,98,97,94,87,96,88,86,92,91,88,91,98,76,EXC,94,100,89
Christine Barnes,74,99,EXC,88,87,95,84,82,95,NTI,80,88,84,67,79,83,EXC,EXC,84
Nicholas Barnes,84,60,74,74,86,75,61,81,67,83,84,91,80,99,80,69,52,72,84
Mark Nelson,72,64,84,74,76,83,93,69,99,65,70,NTI,79,84,71,67,79,70,71
Virginia Ramos,80,68,88,89,71,80,73,70,69,83,91,82,NTI,85,67,86,72,78,71
Bridget Aguilar,82,88,88,76,93,91,74,73,81,82,67,99,80,NTI,83,100,60,79,75
Eduardo Lawrence,92,78,92,74,86,73,70,69,76,82,88,88,EXC,79,85,89,81,90,74
Joshua Sweeney,76,75,80,70,91,99,72,55,83,69,84,89,76,77,56,75,59,EXC,66
Scott Salas,96,95,95,98,88,NTI,95,NTI,96,88,90,98,84,94,82,98,100,96,NTI
Kathleen Brooks,81,84,93,88,70,78,57,66,75,68,81,95,65,74,86,71,79,83,77
Matthew Zhang,88,68,78,100,84,80,74,87,72,96,81,75,90,EXC,95,99,68,80,88
Pamela Jackson,79,48,75,69,76,52,NTI,68,69,EXC,60,EXC,67,82,EXC,66,62,64,81
Wendy Ponce,90,89,93,80,69,86,74,63,85,82,84,95,NTI,74,EXC,76,83,67,85
Denise Wood,74,93,66,61,86,64,68,NTI,58,81,NTI,71,84,65,56,76,NTI,81,56
Janice Tran,68,EXC,67,47,53,50,68,80,NTI,54,59,58,74,53,72,57,82,EXC,64
Martha Lewis,EXC,78,73,81,EXC,71,76,88,90,74,85,71,74,EXC,85,70,82,81,81
Mark Campbell,82,74,92,57,76,72,57,79,74,86,NTI,NTI,NTI,79,86,82,74,81,71
Jennifer Gay,81,70,88,91,93,94,93,NTI,77,93,89,88,85,92,91,96,95,99,91
Kathleen Vega,100,74,74,85,84,91,75,96,89,75,88,93,79,88,80,67,84,83,80
Stephanie Foster,74,80,84,86,60,76,86,72,67,85,EXC,79,81,EXC,70,EXC,66,72,70
Brandon Cook,63,70,64,94,57,68,66,55,58,66,67,64,75,60,54,65,57,44,60
Luis Cook,75,75,93,77,99,72,71,83,100,78,85,87,91,82,82,96,EXC,87,77
Nicole Tucker,69,67,69,96,NTI,85,65,70,68,84,66,78,76,93,89,74,89,79,71
Donna Cummings,82,89,89,79,NTI,81,72,73,86,81,87,88,79,83,EXC,75,79,79,82
Samantha Cervantes,90,87,91,83,98,91,89,92,88,85,99,100,95,92,90,92,EXC,95,82
Kara Cooley,NTI,50,62,46,EXC,52,63,70,88,76,72,71,78,53,57,58,63,65,62
Timothy Murphy,71,65,77,69,68,77,72,76,NTI,NTI,71,69,76,78,75,82,NTI,63,77
Brittney Moreno,79,79,86,EXC,82,83,87,81,61,65,54,70,81,83,68,66,82,91,73
Yesenia Roth,62,87,77,71,67,EXC,66,74,62,68,76,56,63,76,84,75,68,52,64
Joshua Greer,91,99,NTI,79,95,82,93,95,96,98,85,91,92,87,97,89,100,94,69
Ian Graham,81,81,90,85,EXC,76,87,98,78,72,85,91,83,EXC,80,85,84,80,84
Kelsey Watkins,64,66,82,86,63,85,71,NTI,88,61,83,74,53,76,69,60,67,65,57
Laura Vazquez,84,72,78,75,63,77,93,77,86,90,EXC,100,87,94,87,86,93,67,91
Benjamin Wolf,75,EXC,94,84,82,73,80,76,92,55,NTI,79,65,81,77,83,73,87,61
Brian Garcia,94,100,79,EXC,97,77,95,77,90,71,86,95,86,87,64,NTI,75,78,82
Susan Wilcox,61,72,EXC,64,79,95,60,79,58,EXC,EXC,62,69,61,73,78,64,53,82
Jesus Garcia,54,65,58,79,62,66,77,74,53,79,37,EXC,71,62,57,73,83,NTI,EXC
Vanessa Shields,NTI,74,68,84,83,87,98,79,NTI,71,NTI,88,71,NTI,NTI,73,EXC,83,NTI
Cody Hardy,83,EXC,64,54,72,76,73,64,56,61,67,87,77,NTI,68,66,60,72,80
Timothy Peters,EXC,60,63,65,64,66,62,77,60,64,EXC,67,94,78,64,65,61,75,58
Jason Tucker,89,79,91,94,70,85,77,92,74,68,78,76,NTI,72,EXC,89,75,83,84
Kristina Summers,71,69,64,71,82,76,70,80,80,78,85,75,61,62,79,78,72,75,NTI
Adrian Mullins,75,80,66,70,74,80,62,EXC,76,77,58,76,69,80,78,77,73,62,EXC
Christopher Charles,81,77,93,EXC,84,99,68,82,91,84,80,88,68,EXC,82,86,93,88,82
Bryan Brown,85,71,51,81,58,71,76,70,72,66,86,75,79,94,82,EXC,89,86,72
Michael Bowman,86,80,EXC,86,78,67,78,NTI,83,EXC,88,89,EXC,88,98,75,92,80,98
Calvin Aguilar,51,60,56,71,60,56,41,55,63,52,61,63,48,56,68,60,44,NTI,52
Ashley Young,88,93,94,91,EXC,83,79,94,78,87,EXC,91,NTI,NTI,87,89,87,NTI,NTI
Kathryn Lewis,EXC,58,58,EXC,68,57,48,55,60,36,53,55,49,41,50,38,41,EXC,47
Heidi Taylor,65,77,85,74,72,63,68,78,80,90,88,84,69,66,79,70,76,70,76
Victor Wilson,97,97,96,87,93,96,96,EXC,92,98,77,92,98,91,91,EXC,96,EXC,100
Beverly Leonard,82,NTI,86,72,84,88,NTI,NTI,NTI,78,78,71,78,68,60,66,82,55,78
James Armstrong,NTI,71,74,80,68,75,72,NTI,71,69,77,95,88,75,57,70,59,43,63
Joshua Long,83,74,72,86,75,73,64,74,76,70,66,77,EXC,71,63,63,77,NTI,67
Susan Allen,67,73,68,71,78,96,72,76,55,EXC,66,NTI,65,72,67,70,77,71,67
Lauren Lewis,71,80,89,85,82,79,86,73,NTI,71,NTI,EXC,81,77,82,70,79,69,71
Derek Foley,84,60,69,52,56,55,67,60,55,60,43,57,64,63,65,57,NTI,73,73
Jason Cummings,69,89,79,95,85,EXC,81,77,81,74,EXC,90,72,70,97,EXC,68,80,76
Shannon Adams,62,63,65,68,NTI,NTI,76,54,54,58,65,NTI,56,58,53,60,63,EXC,67
Sandra Martinez,66,71,73,69,59,79,71,89,75,89,85,NTI,NTI,80,87,90,92,86,74
Andrew Charles,79,79,68,71,96,73,77,77,68,68,88,63,75,80,82,64,EXC,84,66
Adrienne Dennis,89,EXC,89,93,91,80,87,87,77,88,87,80,78,81,80,69,85,87,91
James Foley,NTI,89,79,78,90,88,75,87,96,91,89,96,85,81,89,75,91,73,88
Juan Mcgee,67,67,59,78,69,82,52,74,59,71,53,64,58,88,56,61,86,69,73
Daniel Taylor,65,73,60,77,80,NTI,NTI,56,70,81,69,59,NTI,78,53,80,65,69,NTI
Matthew Parker,98,81,85,66,73,76,66,78,82,78,92,NTI,NTI,NTI,75,83,79,81,79
Calvin Hill,68,89,71,83,64,58,77,NTI,58,52,73,85,76,62,48,73,66,68,65
Lindsay Blevins,85,72,95,81,83,NTI,99,84,80,79,NTI,82,93,NTI,88,86,76,90,NTI
Joshua Clark,43,67,60,64,61,55,66,66,56,59,71,71,70,68,71,56,65,53,66
Roger Henderson,61,EXC,EXC,92,EXC,87,77,75,82,83,72,92,85,89,63,77,68,65,87
Jack Morris,82,NTI,98,54,96,84,88,94,93,81,69,NTI,81,93,88,96,65,100,85
Paul Barnett,70,79,96,92,96,78,76,87,85,74,83,85,NTI,EXC,75,89,70,79,84
Brittany Barr,89,92,80,60,79,69,EXC,73,92,75,84,70,59,74,81,71,80,76,78
Angel Rhodes,73,68,61,68,70,NTI,NTI,61,56,62,64,68,70,EXC,81,63,77,EXC,59
Lucas Roberts,80,81,63,59,75,NTI,69,73,61,71,67,75,79,88,86,88,77,73,73
Sarah Richardson,78,60,74,68,80,59,72,89,72,53,72,68,66,67,64,71,54,76,NTI
Matthew Brown,71,78,68,96,82,EXC,NTI,74,84,82,82,77,84,58,53,84,92,93,69
Paul Peterson,77,92,89,80,85,68,76,79,76,80,88,74,93,91,92,80,84,74,90
Matthew Rodriguez,57,57,56,47,73,63,90,86,NTI,75,63,74,84,55,61,69,69,77,78
Alexandra Cobb,84,NTI,70,68,92,90,87,89,96,81,79,90,79,92,88,95,EXC,87,71
Desiree Smith,EXC,77,NTI,85,99,80,61,63,NTI,75,78,NTI,NTI,56,NTI,68,62,75,54
Katie Owens,78,EXC,55,75,52,67,76,67,69,63,82,58,73,78,EXC,63,NTI,90,53
Christine Williams,65,61,51,44,71,71,EXC,52,EXC,56,69,58,62,44,72,45,60,EXC,53
James Smith,68,68,73,68,73,55,74,95,80,75,84,68,81,79,77,86,76,73,67
Kathleen Woods,86,83,58,57,75,69,74,66,83,75,65,EXC,59,NTI,83,75,84,83,92
Jessica Lopez,76,79,98,87,76,87,96,73,NTI,73,88,97,98,86,94,68,80,100,74
Jacob Turner,53,71,65,78,58,64,67,60,67,79,NTI,45,72,65,61,75,68,NTI,65
Christine Robinson,70,72,79,77,76,57,56,63,88,EXC,78,NTI,NTI,73,NTI,78,EXC,EXC,56
Andrew Miller,71,74,80,56,64,62,70,67,75,73,85,81,80,70,69,76,72,69,79
Alejandro Gardner,78,68,90,79,79,82,89,67,84,85,67,77,97,NTI,76,70,85,69,92
Catherine Wallace,51,62,NTI,63,51,EXC,61,66,NTI,60,50,53,58,63,56,45,53,61,67
Melvin Munoz,93,62,58,55,62,64,NTI,73,62,57,74,NTI,57,EXC,65,66,85,66,EXC
Emily Murphy,82,74,67,75,69,68,69,NTI,68,80,72,76,62,87,70,91,74,69,87
John Austin,87,87,88,91,98,97,98,77,92,94,99,97,80,EXC,98,93,97,NTI,92
Dawn Weeks,78,82,74,76,NTI,71,NTI,88,65,71,85,69,77,67,59,83,EXC,73,77
Rebecca Harris,68,74,71,90,EXC,84,70,64,85,55,96,72,NTI,59,92,75,81,75,EXC
Timothy Castillo,82,98,72,94,84,95,63,93,79,93,80,92,82,EXC,70,71,90,93,NTI