Name,HW1,HW2,HW3,HW4,HW5,HW6,HW7,HW8,HW9,HW10,Project1,Project2,Quiz1,Quiz2,Quiz3,Quiz4,Test1,Test2,Final1
Jennifer Singleton,61,70,62,67,NTI,55,74,44,59,51,53,82,79,65,57,41,65,NTI,49
Maria Miller,50,73,72,43,67,45,56,EXC,66,66,57,67,64,66,59,64,NTI,52,51
Richard Anderson,78,73,69,67,83,64,82,72,EXC,68,94,78,89,61,NTI,92,78,75,94
John Bray,77,79,58,86,91,EXC,95,93,68,80,85,72,60,65,69,75,88,72,55
Ronald Miller,70,96,90,88,97,81,88,79,86,92,71,84,91,87,NTI,96,59,70,84
Eric Knapp,89,98,76,84,95,85,96,96,96,91,90,73,92,95,87,85,86,90,80
Jason Suarez,74,60,99,71,71,72,66,74,58,71,71,80,78,82,68,82,68,72,73
Alexandra Lynch,72,75,88,88,68,88,87,83,72,80,79,66,81,79,74,67,83,82,74
Tiffany Jarvis,71,66,87,51,77,NTI,77,83,74,NTI,EXC,64,80,66,65,66,62,EXC,80
Matthew Rice,77,88,EXC,72,65,78,56,52,72,57,63,80,71,69,74,57,60,66,EXC
Kelly Castro,72,66,65,74,68,67,77,NTI,66,72,82,69,77,66,66,76,73,64,81
Janice Aguilar,73,58,58,59,56,54,72,63,NTI,73,77,51,43,71,63,73,82,55,69
Gloria Smith,73,79,70,76,82,70,85,66,85,79,81,62,91,97,92,92,85,100,85
Samantha Reynolds,75,54,68,63,73,73,NTI,66,NTI,57,69,90,58,68,67,78,47,71,64
Sean Reed,72,69,73,61,47,55,61,55,59,55,96,54,70,66,NTI,76,69,74,49
Sydney Gray,91,97,88,92,70,85,100,99,67,87,91,EXC,74,77,84,94,79,97,75
Donna Davis,82,83,88,90,87,75,99,100,EXC,87,NTI,EXC,83,77,87,75,NTI,81,67
Joshua Green,68,47,67,67,50,72,EXC,75,57,51,62,64,62,46,58,54,70,55,66
Andrew Mckay,83,53,70,68,69,68,72,54,84,82,79,59,67,NTI,86,87,81,91,66
Michael Hawkins,NTI,86,77,90,98,NTI,88,69,81,EXC,82,NTI,71,91,86,75,97,84,96
Kevin Brooks,66,NTI,67,81,74,NTI,88,78,85,76,NTI,97,75,65,96,83,78,90,72
Jimmy Watts,EXC,87,80,77,86,85,70,EXC,69,87,62,NTI,64,EXC,86,EXC,63,NTI,73
Hannah Chandler,87,EXC,69,86,60,78,82,82,81,78,92,79,79,67,NTI,90,52,77,73
Megan Davis,62,57,76,58,76,82,58,85,68,69,63,63,74,EXC,EXC,76,72,65,96
Crystal Bradshaw,96,96,91,96,93,92,93,100,80,97,91,89,92,85,99,EXC,81,95,92
Jennifer Butler,65,84,92,88,79,83,NTI,65,NTI,79,62,83,84,66,87,78,86,77,71
Jennifer Nichols,79,82,78,69,79,68,73,93,80,70,60,67,72,67,69,82,78,73,72
Yvette Ross,68,78,71,66,51,64,66,60,85,66,77,72,67,85,59,61,76,83,84
Renee Joyce,93,70,71,88,80,73,69,90,73,58,72,NTI,65,95,94,64,80,73,75
Michael Schultz,83,69,82,83,71,82,52,64,66,91,74,87,83,70,90,69,63,73,78
Renee Kirk,99,86,83,NTI,85,75,82,73,91,90,81,71,EXC,67,84,90,81,72,EXC
Rachel Kennedy,71,64,62,67,58,76,68,62,79,63,62,65,68,81,75,60,78,78,91
Jerome Duran,EXC,59,60,69,54,74,66,70,64,76,51,65,69,86,76,62,63,37,EXC
Virginia Ramos,81,99,78,98,EXC,85,89,72,78,93,69,86,EXC,EXC,100,56,80,84,EXC
Daniel Riley,93,73,95,97,85,78,83,84,88,63,83,86,83,75,89,88,72,79,89
Richard Rodriguez,72,79,82,78,85,77,64,NTI,78,78,NTI,90,82,77,77,70,73,92,88
Justin Robinson,NTI,50,46,30,46,49,60,48,EXC,47,40,52,52,78,64,48,NTI,62,49
Eduardo Lawrence,66,67,77,58,63,EXC,68,NTI,72,NTI,66,74,73,72,74,57,54,57,65
Craig Hodge,53,72,68,72,66,65,53,68,EXC,99,84,89,NTI,67,NTI,72,68,NTI,77
William Lindsey,69,71,EXC,80,85,82,NTI,78,NTI,85,77,95,82,77,82,65,EXC,EXC,73
Raymond Davis,71,40,63,68,70,60,66,55,71,54,41,54,65,60,75,54,65,EXC,56
Scott Salas,54,48,66,67,80,68,44,66,67,64,62,62,61,60,59,68,54,69,53
Kristen Flores,66,71,56,57,77,56,62,EXC,80,69,63,69,70,76,71,52,75,83,58
Brian Johnson,99,76,87,86,89,85,75,78,86,81,73,70,79,72,95,73,79,86,74
Nathan Tyler,79,79,86,95,81,67,87,85,91,77,75,78,86,82,72,90,72,74,75
Cindy Kennedy,71,82,53,60,65,NTI,65,74,83,55,88,67,65,69,74,58,EXC,67,NTI
Terry Mcgee,NTI,90,72,92,95,92,76,80,76,88,79,84,83,59,62,71,88,75,EXC
Jacqueline Williamson,94,78,97,99,89,98,NTI,88,98,92,76,92,84,94,91,88,88,92,93
Brenda Wilson,93,NTI,69,NTI,NTI,62,68,88,72,99,NTI,87,NTI,85,88,89,71,73,86
Nicole Meyers,65,62,80,73,66,74,NTI,83,61,50,52,EXC,60,73,79,64,EXC,72,67
Lisa Dominguez,73,73,64,NTI,65,59,61,48,68,NTI,60,68,72,NTI,47,40,69,60,75
Dylan Rios,66,84,88,81,53,68,71,91,90,NTI,73,66,91,64,60,83,69,NTI,76
Stacy Rodriguez,77,97,74,74,78,88,72,78,76,71,63,57,83,83,62,90,70,70,84
Nicole Tucker,75,98,89,99,89,79,98,EXC,EXC,99,87,90,90,95,96,89,81,84,93
Donna Cummings,85,63,66,76,92,87,EXC,93,EXC,95,74,79,82,NTI,86,75,NTI,80,67
Aaron Swanson,90,79,89,94,85,97,95,75,89,85,82,71,83,81,73,85,81,96,87
Andrea Wilson,52,45,NTI,63,65,71,63,50,66,67,NTI,62,56,70,55,44,72,62,57
Timothy Griffith,70,65,67,69,85,71,68,77,EXC,62,75,88,82,82,63,88,84,80,78
Joshua Greer,80,75,78,66,80,75,86,68,71,79,63,72,82,62,83,80,68,72,88
Ashley Bowers,60,NTI,56,62,45,84,79,61,EXC,59,71,65,51,80,62,NTI,62,69,73
Melissa Gonzalez,70,76,66,72,EXC,60,71,78,NTI,52,84,95,66,86,69,EXC,56,67,72
Christopher Briggs,NTI,81,EXC,73,69,92,75,88,60,80,90,83,63,70,60,89,71,88,EXC
Benjamin Wolf,77,84,89,74,80,97,84,99,86,82,93,70,81,62,81,89,98,96,86
John Joseph,74,70,56,53,68,62,EXC,91,73,60,50,83,59,64,67,78,61,71,55
Christopher Ford,94,77,86,71,67,62,NTI,74,EXC,70,80,78,70,59,79,69,81,87,89
Tiffany Schmidt,74,82,81,87,70,78,83,79,NTI,57,NTI,91,NTI,69,77,67,77,43,NTI
Ashley Young,48,59,67,73,51,EXC,52,50,72,58,63,83,74,68,73,68,75,85,65
Rachel Hamilton,56,65,67,73,52,60,NTI,74,79,95,73,79,82,68,82,48,84,57,69
Scott Barrera,80,84,73,77,88,75,87,82,100,95,62,93,77,NTI,63,92,75,87,85
Harold Daniel,57,42,57,60,61,48,59,59,54,69,49,59,59,38,57,66,61,60,60
Christina Day,65,73,67,61,65,NTI,77,NTI,67,69,80,92,NTI,73,89,87,65,NTI,75
Jacqueline Mills,94,87,78,90,EXC,99,71,89,74,78,82,NTI,71,84,EXC,73,93,NTI,88
Beverly Leonard,NTI,87,78,81,89,84,63,76,78,77,EXC,NTI,79,87,90,70,NTI,87,EXC
Monica Hernandez,63,70,78,66,EXC,EXC,63,NTI,NTI,74,57,NTI,52,80,72,63,85,EXC,62
Daniel Acosta,EXC,79,75,86,94,89,84,94,76,87,91,93,87,77,82,77,76,89,76
Michael Marshall,60,84,68,60,77,75,76,66,71,82,62,80,78,53,72,76,66,59,79
Erik York,66,NTI,64,71,78,70,94,77,69,80,85,66,EXC,78,84,62,54,88,79
Lauren Lewis,66,53,58,EXC,75,EXC,61,NTI,76,64,73,75,79,EXC,56,77,66,NTI,54
Hannah Floyd,80,71,75,EXC,59,71,67,EXC,82,63,71,89,61,69,70,83,77,76,67
Sandra Martinez,84,75,56,67,75,58,59,54,68,75,64,73,74,81,72,67,74,66,61
Brian Benitez,60,73,57,58,EXC,65,51,48,EXC,73,43,71,59,77,64,65,73,61,EXC
Mary Spencer,82,73,75,78,66,75,71,80,98,78,74,NTI,95,94,73,95,42,84,74
James Foley,70,58,89,55,EXC,88,55,75,97,74,73,76,63,68,89,81,66,EXC,EXC
Lindsey Bullock,56,69,57,65,56,68,59,45,67,74,61,45,71,80,66,75,69,60,62
Robert Harrington,94,79,95,81,89,69,99,97,93,95,89,EXC,98,92,99,94,94,82,95
Willie Green,92,68,71,65,57,72,66,67,67,70,77,65,78,65,66,62,65,69,71
Christopher Kelley,80,NTI,76,50,57,76,63,69,57,69,69,77,72,83,98,71,78,93,78
Sherri Lawson,83,87,90,69,84,77,76,96,66,87,EXC,91,51,82,75,67,87,70,79
Stanley Byrd,92,78,EXC,84,96,76,78,76,99,77,85,98,89,NTI,96,NTI,78,98,91
Miguel Hunt,85,99,74,85,NTI,100,81,84,60,83,91,EXC,84,98,76,86,NTI,91,75
Thomas Small,62,70,72,73,77,84,NTI,61,82,58,70,86,70,73,72,55,68,74,64
Lucas Roberts,86,83,74,85,69,83,91,76,NTI,87,83,77,78,91,80,86,94,64,54
Linda Waters,53,87,82,61,60,76,91,79,75,84,72,68,EXC,67,56,73,76,68,75
Justin Case,89,NTI,95,85,88,99,73,96,63,88,NTI,80,95,94,78,NTI,92,84,98
Roger Williams,77,60,71,59,70,85,69,72,EXC,64,NTI,61,62,65,65,97,74,59,64
Michael Spencer,82,79,77,73,77,85,88,88,64,88,67,95,78,88,49,99,81,84,91
Nicole Richards,86,64,86,71,81,83,76,85,NTI,80,100,57,78,69,75,58,81,86,81
John James,73,87,63,82,EXC,80,58,58,66,65,60,46,60,89,77,47,62,73,70
Kristi Hill,62,71,91,55,71,93,86,81,84,94,87,75,78,82,76,73,74,97,NTI
Lisa Haynes,87,82,87,87,77,NTI,93,EXC,NTI,EXC,79,98,73,NTI,76,64,86,82,87
Christine Robinson,68,63,68,66,67,71,69,65,83,64,62,55,71,73,EXC,71,62,67,80
Melvin Munoz,77,57,98,87,NTI,90,84,84,88,90,66,84,92,94,94,69,80,88,58
John Austin,88,93,97,93,85,79,89,82,91,72,98,84,93,98,88,83,75,95,86
Richard Barber,62,46,64,71,70,81,64,63,NTI,69,63,61,53,46,89,36,61,69,59
