Name,HW1,HW2,HW3,HW4,HW5,HW6,HW7,HW8,HW9,HW10,Project1,Project2,Quiz1,Quiz2,Quiz3,Quiz4,Test1,Test2,Final1
Laura Hawkins,EXC,70,77,81,69,78,75,54,NTI,56,71,72,64,80,78,75,75,86,71
Lance Baker,46,57,52,49,61,65,51,68,57,NTI,61,50,49,NTI,57,45,52,52,63
Kirsten Marshall,81,79,66,85,80,76,69,92,81,74,77,90,93,71,74,81,66,75,86
Zachary West,88,77,91,74,95,88,89,92,77,70,86,85,64,75,67,81,77,74,79
Maria Miller,76,71,75,45,65,66,59,70,56,78,52,NTI,NTI,79,69,NTI,70,75,61
Andrew Griffin,67,70,71,74,74,71,68,74,78,79,61,74,NTI,81,56,60,81,72,72
Joshua Davenport,80,77,64,85,74,60,67,85,85,67,EXC,76,87,86,72,95,67,61,76
Denise Smith,NTI,52,NTI,77,75,79,58,64,48,75,61,51,73,60,55,51,59,NTI,EXC
Christopher Thompson,78,82,86,79,74,78,66,80,69,EXC,85,91,69,87,91,81,93,78,65
Danielle Goodman,45,55,40,65,NTI,50,56,44,57,NTI,53,51,NTI,45,34,52,58,39,81
Janice Aguilar,77,98,79,95,96,100,78,66,90,100,89,95,95,81,85,92,88,92,100
David Serrano,57,49,EXC,70,44,NTI,77,66,NTI,49,NTI,51,42,55,58,49,64,NTI,39
Joy Smith,42,56,55,72,NTI,83,71,71,68,92,45,80,NTI,66,62,69,65,85,NTI
Gloria Smith,91,85,NTI,93,71,95,81,93,83,NTI,EXC,NTI,74,NTI,98,80,85,85,89
Sean Reed,88,74,77,92,95,90,76,78,77,76,83,NTI,99,76,78,94,83,91,66
Steven Friedman,93,85,77,79,EXC,79,EXC,79,69,74,100,EXC,64,91,EXC,82,85,91,94
Andrew Mckay,EXC,93,92,86,93,84,94,NTI,77,99,93,EXC,97,82,92,84,74,92,69
Sandra Graham,53,75,78,73,63,76,EXC,80,84,EXC,53,71,76,58,70,48,71,74,96
Jimmy Watts,79,NTI,EXC,77,86,NTI,NTI,85,73,66,82,84,83,62,82,82,78,80,78
Cole Miles,88,90,90,99,81,73,88,88,80,89,84,100,89,80,80,75,84,85,70
Brendan Baker,76,68,72,88,81,95,51,81,67,83,77,83,97,75,75,85,69,NTI,77
Stephanie Higgins,76,67,82,78,79,72,54,77,89,94,NTI,87,70,72,95,77,56,82,91
Alyssa Delacruz,89,80,EXC,93,80,83,95,95,93,84,88,90,82,94,81,98,78,80,79
Teresa Nguyen,NTI,71,70,46,88,60,92,78,59,67,54,NTI,66,77,NTI,62,65,76,84
Deborah Martin,59,56,56,65,63,58,67,EXC,54,67,51,65,54,42,NTI,43,69,68,45
Craig Bennett,50,78,74,71,78,48,49,67,66,73,64,76,72,61,69,NTI,43,68,52
Charles Brown,93,76,76,NTI,85,94,86,80,90,99,85,91,EXC,92,96,96,76,83,88
Amanda Lee,88,76,77,75,73,80,70,60,73,80,85,75,94,EXC,83,74,78,83,NTI
James Kelly,77,70,75,77,92,77,57,75,76,54,70,60,EXC,60,66,83,62,66,76
Megan Nelson,NTI,85,72,85,68,61,78,68,78,75,80,71,77,92,86,NTI,NTI,79,99
Samuel Navarro,72,NTI,EXC,84,82,75,79,92,92,76,89,95,73,NTI,97,75,65,89,67
Lisa Davis,87,92,NTI,73,71,78,98,80,93,96,EXC,71,71,87,64,98,69,85,76
Sarah Hill,87,NTI,98,93,100,EXC,88,98,98,100,90,95,92,96,89,96,87,NTI,99
Grant Sanchez,72,NTI,76,66,80,60,72,EXC,EXC,70,59,NTI,80,EXC,79,72,80,82,NTI
Chad Morgan,88,71,97,100,90,91,77,NTI,88,EXC,88,89,98,80,95,NTI,99,95,94
Daniel Riley,EXC,76,76,80,90,81,93,98,80,80,86,81,82,96,88,74,87,94,EXC
Yvette Newton,89,81,87,74,80,95,85,79,79,80,93,72,88,72,82,75,97,81,86
Cheryl Marshall,79,78,82,82,80,81,EXC,EXC,78,79,81,78,79,97,88,77,EXC,82,72
Justin Robinson,88,76,EXC,88,71,99,87,82,76,71,82,65,99,65,84,EXC,81,100,67
Rhonda Brown,69,71,EXC,79,86,83,92,64,54,81,64,69,83,EXC,75,82,85,71,70
Jessica Campbell,97,88,73,86,95,68,NTI,97,99,EXC,83,93,84,98,88,94,88,85,74
Raymond Davis,86,87,EXC,84,82,NTI,75,100,71,83,85,87,75,86,81,75,73,77,91
Nathan Tyler,66,62,71,86,67,64,63,75,63,72,67,86,67,73,78,84,70,60,65
Brenda Love,81,86,74,85,72,81,74,86,53,72,NTI,EXC,NTI,NTI,69,63,58,73,EXC
Patricia Brown,77,74,59,87,74,70,63,79,68,86,67,89,NTI,NTI,64,98,67,76,81
Jesse Tanner,99,85,91,87,NTI,71,85,84,69,85,85,84,91,90,77,87,88,86,76
Lisa Dominguez,77,80,73,91,75,76,NTI,67,NTI,77,92,81,67,79,79,EXC,EXC,93,81
Kevin Simmons,61,73,64,NTI,EXC,62,66,96,71,92,EXC,74,79,73,65,EXC,68,71,70
Michael Price,NTI,86,58,63,69,66,71,NTI,70,77,75,NTI,70,77,70,70,76,NTI,60
Vincent Flores,73,69,72,54,75,78,67,44,70,71,57,NTI,80,71,65,73,59,74,EXC
Katherine Salazar,69,59,68,51,77,70,64,45,66,62,EXC,65,79,59,49,65,58,43,66
Aaron Swanson,91,89,91,88,84,87,84,90,76,91,93,68,75,79,75,75,94,82,94
Colleen Huynh,77,74,95,89,82,84,86,72,89,88,EXC,69,72,NTI,86,90,NTI,72,61
Jeff Rojas,EXC,66,59,62,62,66,83,76,63,53,61,EXC,62,58,68,EXC,49,52,58
Amber Perez,66,55,NTI,67,72,71,93,66,55,74,EXC,68,70,67,72,89,80,55,65
Michael Sutton,75,89,66,80,87,87,91,76,78,68,89,67,89,64,82,NTI,NTI,79,75
Caitlyn Romero,70,69,NTI,45,69,68,69,74,55,71,43,53,79,45,74,78,NTI,70,55
David Jones,60,72,47,53,86,61,66,63,73,75,60,EXC,51,NTI,37,74,EXC,48,NTI
Erica Thomas,85,88,EXC,92,99,94,96,84,83,78,99,NTI,94,89,77,88,96,86,99
Andrew Smith,87,EXC,81,84,NTI,93,75,96,96,93,69,NTI,99,74,72,66,78,83,78
Timothy Griffith,71,80,53,65,72,70,68,43,58,49,74,58,NTI,42,EXC,62,64,63,61
Justin Medina,NTI,86,78,96,72,84,95,100,88,71,81,94,91,99,98,89,NTI,84,86
Mary Gomez,58,68,58,NTI,45,68,82,66,65,80,64,51,EXC,62,64,53,74,66,68
Gloria Ward,NTI,72,71,68,67,45,76,75,74,56,78,59,59,62,82,66,62,EXC,77
Mary Chapman,97,83,90,83,70,NTI,84,89,85,NTI,79,69,80,NTI,79,84,93,92,78
Angel Smith,54,53,66,44,57,61,54,70,77,70,51,59,70,68,87,58,65,NTI,37
Dustin Santiago,NTI,91,93,79,86,79,81,97,92,84,94,91,72,93,NTI,66,96,76,89
Darren Palmer,72,65,77,71,86,84,83,79,85,71,72,89,71,85,85,98,68,66,77
Tiffany Huff,77,EXC,84,55,81,68,90,86,82,85,76,81,98,78,86,EXC,78,74,90
James Bernard,98,62,86,92,73,73,74,97,EXC,77,NTI,98,99,73,80,86,82,61,90
John Joseph,63,77,56,73,EXC,46,75,73,67,63,58,90,77,65,EXC,75,75,NTI,60
Nicole Wilson,99,84,75,91,NTI,73,89,77,72,62,NTI,86,71,82,75,81,85,95,74
Kyle Horton,63,68,71,82,76,70,82,74,NTI,72,NTI,NTI,48,75,73,67,NTI,75,58
Ricky Jones,97,95,EXC,74,99,95,72,89,74,82,81,85,77,84,72,78,EXC,97,88
Eileen Jackson,61,70,92,66,NTI,56,77,64,74,81,NTI,67,72,75,80,59,76,77,76
Mitchell Palmer,67,78,73,EXC,NTI,79,86,92,91,78,100,90,EXC,91,86,88,93,96,92
Matthew Hood,67,66,42,46,56,NTI,46,58,44,56,64,66,53,48,57,EXC,63,50,86
Kaitlyn Delgado,79,93,79,85,72,89,87,95,77,87,97,EXC,72,85,72,86,73,94,76
Andrew Brooks,96,84,89,93,64,87,EXC,81,84,82,EXC,81,76,91,91,70,63,90,88
David Miller,62,EXC,73,NTI,83,NTI,50,73,50,58,NTI,75,EXC,62,54,73,73,51,51
Sheri Welch,87,90,88,98,EXC,82,88,88,97,93,84,93,EXC,NTI,78,NTI,97,86,93
Sophia Davis,65,60,EXC,75,50,63,65,73,52,78,66,64,NTI,67,44,50,66,72,78
Scott Barrera,89,94,EXC,93,83,68,83,87,85,EXC,87,88,91,EXC,80,88,98,78,86
Doris Sanchez,84,89,82,89,95,81,86,91,NTI,79,87,95,93,NTI,87,90,86,NTI,90
Anna Davis,62,87,89,78,71,88,73,EXC,98,67,67,82,64,60,78,83,78,72,85
Steven Benson,84,NTI,84,EXC,87,59,87,EXC,72,80,77,62,87,69,75,76,NTI,NTI,78
Debra Miller,65,78,68,68,85,60,65,80,77,68,68,60,78,73,82,70,74,80,73
Howard Brown,EXC,69,57,53,67,56,64,60,70,78,68,EXC,52,58,64,82,62,79,66
Brandon Meyer,91,90,74,80,72,EXC,66,74,88,80,64,71,84,68,90,86,75,82,EXC
Matthew Malone,83,80,80,93,80,93,100,90,99,77,77,96,96,90,NTI,89,77,92,76
Jaime Moses,81,88,88,NTI,83,74,85,96,82,85,88,89,82,87,88,91,87,81,85
Mario King,76,77,87,87,67,96,EXC,86,NTI,97,99,NTI,88,97,82,83,90,NTI,88
Michael Cherry,82,69,78,97,83,NTI,66,59,EXC,91,85,58,59,78,70,77,71,NTI,79
Zachary Clark,59,73,60,61,NTI,73,78,90,57,43,59,68,EXC,79,69,EXC,75,68,71
Taylor Booth,68,52,70,59,61,63,EXC,96,62,57,EXC,EXC,75,74,66,EXC,60,63,NTI
Andrew Dixon,93,82,65,81,88,72,68,69,70,NTI,76,69,79,93,74,EXC,86,85,91
Mary Spencer,77,87,NTI,90,77,NTI,91,61,78,NTI,72,97,94,91,79,87,87,79,88
Stephen Arroyo,73,78,85,91,81,94,61,93,72,85,68,73,71,78,94,75,85,87,85
Willie Green,91,97,81,100,87,89,89,87,88,86,93,EXC,81,79,94,72,84,89,77
Jennifer Wilcox,68,73,82,90,73,88,63,82,99,NTI,78,99,69,EXC,66,85,67,75,88
Carol Holmes,86,76,93,76,73,75,84,82,69,NTI,NTI,NTI,82,69,75,83,98,68,86
Jasmine Brown,68,45,64,57,71,54,56,81,65,67,75,79,NTI,66,NTI,63,EXC,54,69
Frederick Rodriguez,98,68,70,73,88,67,79,77,94,95,87,83,74,81,63,77,68,68,85
Nicole Richards,58,50,68,42,45,NTI,63,42,71,47,60,62,44,60,59,57,59,48,56
Rodney Yang,97,72,EXC,78,70,70,68,NTI,54,87,64,62,NTI,75,77,83,69,64,82
Aaron Bates,75,97,90,87,63,86,69,88,EXC,98,76,97,89,74,93,EXC,NTI,94,97
Tammy Chandler,93,90,80,85,79,80,NTI,99,64,NTI,77,EXC,82,81,83,64,89,82,82
Michael Wallace,85,87,87,94,88,83,79,86,82,71,79,NTI,NTI,63,83,92,79,89,88
Cesar Lucas,75,64,NTI,79,72,65,84,96,73,76,81,77,77,87,80,80,EXC,78,EXC
Laura Powers,99,94,87,82,91,84,EXC,91,90,86,85,91,89,87,76,88,80,98,100
Susan Henderson,EXC,82,76,88,83,91,97,84,92,72,97,90,77,91,75,87,NTI,96,88
Mark Hobbs,73,70,60,51,73,51,66,59,61,63,64,63,49,67,54,NTI,43,65,64
Lee Ray,72,86,89,74,85,97,71,EXC,68,87,70,85,62,82,79,65,83,89,78
Lynn Jackson,70,NTI,62,NTI,EXC,59,NTI,51,72,73,NTI,72,92,78,75,NTI,85,71,62
Richard Johnson,65,82,82,98,91,NTI,99,97,80,93,86,NTI,80,79,NTI,90,70,79,97
Justin Allen,65,57,70,NTI,63,61,77,64,65,NTI,77,62,50,61,61,63,81,57,NTI
Angela Smith,55,65,81,65,88,54,63,77,74,79,80,86,72,72,NTI,74,70,EXC,86
