Name,HW1,HW2,HW3,HW4,HW5,HW6,HW7,HW8,HW9,HW10,Project1,Project2,Quiz1,Quiz2,Quiz3,Quiz4,Test1,Test2,Final1
Kirsten Marshall,76,94,86,75,88,88,98,90,74,83,80,70,89,90,NTI,89,97,NTI,NTI
Tyler Perry,74,70,76,88,78,95,100,NTI,86,72,73,71,NTI,99,76,62,81,EXC,86
Jesus Brown,80,68,68,81,70,63,79,77,62,61,52,73,76,70,71,75,81,71,79
Emily Fields,81,77,81,98,95,81,92,83,88,82,89,99,71,83,70,91,99,91,86
Mckenzie Phillips,69,50,69,69,69,63,79,61,77,82,81,EXC,55,66,58,87,63,52,67
Jennifer Singleton,89,72,72,67,70,82,69,83,77,91,76,84,76,53,71,66,89,NTI,87
Maria Miller,96,97,91,78,84,79,82,78,91,84,85,61,78,72,64,98,84,95,74
Daniel Gill,78,58,70,80,60,48,59,65,80,73,60,81,81,EXC,60,70,78,62,78
Deborah Ross,EXC,71,91,65,65,74,NTI,74,74,74,74,89,77,NTI,80,74,84,72,72
John Bray,71,76,80,80,77,64,75,81,67,83,75,81,73,73,85,83,66,NTI,77
Angela Vasquez,70,67,72,65,85,82,60,55,66,EXC,65,61,53,80,67,67,64,65,57
Alexandra Lynch,91,NTI,95,79,86,81,86,87,93,81,95,85,77,74,NTI,NTI,70,EXC,93
Austin Morgan,62,79,56,62,57,56,87,67,58,83,70,63,65,68,76,66,76,79,63
Christine Rodriguez,84,86,88,96,EXC,79,92,87,EXC,86,79,90,92,87,100,87,92,92,86
Tiffany Jarvis,91,61,83,97,77,NTI,87,81,85,87,EXC,87,73,82,EXC,87,97,75,EXC
Katie Johnson,61,44,76,68,63,59,64,79,74,NTI,74,66,58,55,77,NTI,66,75,64
Kelly Castro,67,84,98,73,66,69,EXC,81,77,85,93,93,86,92,82,63,78,EXC,83
Mia Edwards,74,81,75,66,EXC,NTI,82,71,60,59,83,84,63,76,79,EXC,EXC,51,73
Keith Ortega,80,58,77,78,67,71,52,64,NTI,56,74,72,82,EXC,61,73,76,67,65
Richard Matthews,NTI,88,64,NTI,59,69,61,57,87,70,NTI,47,76,75,52,66,36,76,82
Gloria Smith,76,74,98,86,85,74,88,89,70,87,86,69,76,99,90,NTI,NTI,80,79
Kathy Myers,79,76,86,NTI,72,98,72,78,93,84,83,73,75,96,58,75,72,89,83
Samantha Reynolds,83,65,72,73,81,73,EXC,70,79,61,EXC,64,73,62,EXC,55,71,57,65
Steven Friedman,85,86,95,69,89,81,97,EXC,99,92,73,81,84,80,NTI,57,70,85,71
Joshua Green,84,92,73,NTI,76,80,90,NTI,94,NTI,62,90,91,83,74,84,81,75,75
Sandra Graham,78,94,75,91,80,82,90,98,74,94,78,76,82,85,86,60,86,66,82
Kevin Brooks,58,74,66,NTI,58,76,53,72,64,54,EXC,63,44,69,74,76,NTI,63,72
Cole Miles,72,72,68,48,72,71,49,64,56,75,56,50,60,56,73,79,NTI,69,66
Megan Davis,61,55,40,50,44,47,59,47,63,NTI,51,47,38,50,54,38,61,59,45
Brandi Lawrence,53,68,60,52,NTI,70,EXC,70,56,NTI,75,50,55,62,74,45,EXC,71,61
Lisa Callahan,94,94,91,66,88,78,79,80,78,88,NTI,83,97,74,99,86,EXC,94,NTI
Jordan Perez,95,69,53,87,88,NTI,90,NTI,78,70,77,83,59,68,80,NTI,EXC,97,82
Sarah Smith,NTI,86,58,93,EXC,97,100,95,72,91,100,95,79,77,NTI,76,NTI,86,77
Amy Miller,66,72,EXC,88,73,69,74,59,75,57,59,77,63,61,67,51,59,52,EXC
James Kelly,86,71,NTI,78,83,88,NTI,80,87,97,95,71,87,78,81,55,78,90,57
Linda Fowler,79,71,72,82,EXC,85,85,71,73,49,63,71,NTI,76,65,60,75,69,62
Renee Kirk,EXC,NTI,72,71,72,84,NTI,83,90,NTI,88,84,93,78,94,79,71,71,85
Nicholas Barnes,79,82,78,NTI,83,70,76,EXC,80,71,90,72,83,76,77,74,95,88,69
Jill Kim,57,60,84,62,57,66,69,EXC,72,65,63,75,58,59,61,52,64,85,54
Samuel Navarro,62,75,64,NTI,68,69,71,80,77,83,73,57,75,76,NTI,77,73,68,75
Sarah Hill,69,88,NTI,73,84,EXC,76,79,76,79,68,89,80,83,94,96,89,82,86
Grant Sanchez,78,72,58,83,67,76,65,59,64,55,58,89,59,67,EXC,48,71,91,68
Chad Morgan,64,61,54,72,NTI,57,36,NTI,63,57,53,62,70,62,69,83,74,63,74
Tamara Bradley,81,58,60,67,72,59,57,56,74,73,67,77,66,56,64,85,75,83,68
Yvette Newton,69,65,50,65,49,50,NTI,62,73,EXC,45,65,49,EXC,62,EXC,64,52,64
Richard Rodriguez,85,86,91,96,83,90,90,68,83,82,81,80,96,80,NTI,64,NTI,72,88
Megan Anderson,73,44,77,47,77,73,62,67,61,59,70,NTI,65,60,66,64,EXC,73,60
Rhonda Brown,94,74,NTI,69,71,NTI,81,64,76,87,NTI,73,97,66,87,86,94,76,69
Meagan Cooke,85,97,88,90,NTI,80,EXC,92,91,83,90,93,77,80,82,75,88,91,99
Elizabeth Parker,74,94,58,84,89,81,76,NTI,EXC,83,80,75,EXC,94,73,88,89,74,75
Kathleen Brooks,81,NTI,80,87,96,NTI,NTI,93,90,88,98,99,84,76,77,89,87,96,88
Susan Washington,87,76,82,80,60,82,82,90,78,66,77,85,60,75,71,84,59,NTI,EXC
Rebecca Estrada,58,55,70,94,64,80,39,55,77,72,67,71,49,NTI,58,61,65,68,52
Christopher Krueger,89,86,83,90,86,94,87,66,82,92,NTI,70,64,84,EXC,77,78,88,84
Wendy Ponce,72,80,73,64,62,86,72,71,74,68,NTI,78,EXC,86,76,EXC,83,92,EXC
John Taylor,82,84,81,EXC,78,67,72,84,76,83,77,64,88,76,61,69,59,67,79
Angela Wyatt,63,EXC,69,71,78,77,63,67,63,83,82,77,64,NTI,EXC,NTI,53,68,65
Veronica Davis,77,NTI,77,56,NTI,84,80,75,88,70,80,81,79,EXC,64,63,91,83,82
Nicholas Hill,67,EXC,62,NTI,69,64,NTI,51,67,49,62,72,60,62,72,46,65,61,66
Mark Campbell,89,72,72,91,78,82,67,96,81,97,97,71,EXC,87,91,91,81,90,93
Luis Cook,68,81,76,65,77,81,85,81,86,73,65,76,88,74,68,79,72,70,65
Vincent Flores,80,63,79,77,70,80,82,93,70,85,NTI,82,NTI,NTI,82,NTI,75,NTI,73
Natalie Bush,56,59,70,95,65,79,EXC,77,68,NTI,71,61,65,93,68,NTI,75,77,NTI
Katherine Salazar,88,EXC,NTI,NTI,EXC,NTI,75,76,80,88,75,95,77,81,65,80,58,67,EXC
Nicole Tucker,NTI,58,77,69,66,68,62,NTI,68,66,88,66,66,EXC,54,63,EXC,77,85
Jeff Rojas,76,85,82,69,83,77,82,89,92,79,92,90,83,75,77,98,81,77,75
Bradley Galloway,34,EXC,61,84,55,67,52,55,NTI,NTI,72,60,58,52,67,63,68,62,57
Amber Perez,75,NTI,NTI,78,64,81,75,73,77,NTI,70,100,NTI,85,82,76,74,EXC,71
Caitlyn Romero,87,66,67,63,57,63,NTI,89,67,EXC,80,85,88,64,75,72,81,88,EXC
Yesenia Roth,NTI,EXC,72,93,86,85,81,NTI,65,80,81,78,NTI,83,68,91,73,81,99
Susan Anderson,92,95,94,95,EXC,96,74,86,92,91,81,NTI,NTI,89,82,93,EXC,83,94
Andrea Wilson,68,83,99,80,90,NTI,77,74,74,79,71,96,94,88,70,90,91,72,75
Leslie Osborn,56,63,46,55,75,44,71,67,71,67,65,NTI,69,58,77,82,75,45,NTI
Justin Medina,95,84,81,93,81,78,84,90,91,86,EXC,66,75,55,70,71,59,77,91
Angel Smith,88,90,99,90,83,97,92,85,95,96,88,92,87,93,85,100,EXC,76,67
Dustin Santiago,EXC,97,93,87,88,EXC,NTI,89,89,100,90,92,88,93,79,78,83,92,89
Martin Sims,82,94,99,92,97,76,75,79,EXC,91,NTI,93,92,NTI,90,73,82,NTI,80
Kyle Horton,80,84,98,92,94,98,91,77,NTI,84,81,88,92,80,96,NTI,79,79,82
Laura Cummings,60,47,42,43,56,60,34,42,66,57,47,47,70,42,51,53,42,75,48
Ricky Jones,97,EXC,83,EXC,85,93,72,73,80,87,84,83,78,78,89,77,86,95,82
Misty Gamble,80,73,46,65,69,60,65,73,EXC,EXC,64,83,78,64,91,67,71,62,78
Juan Schneider,82,65,67,67,77,58,79,81,EXC,75,82,87,63,85,72,81,84,76,73
Mitchell Palmer,81,92,79,EXC,83,97,79,69,84,77,82,66,85,77,85,80,93,78,88
Matthew Hood,68,62,83,59,85,62,42,78,72,NTI,70,58,71,78,69,75,70,81,73
Tiffany Henson,EXC,83,87,98,70,86,90,95,77,84,89,EXC,95,79,90,93,88,88,EXC
Shawn Thomas,62,80,87,77,76,85,69,61,70,EXC,85,59,65,68,75,58,56,65,71
Calvin Aguilar,77,72,NTI,NTI,59,77,79,59,100,83,81,63,81,75,78,75,EXC,78,84
Scott Barrera,79,86,73,71,NTI,EXC,84,94,61,84,79,68,81,78,58,73,60,60,76
Harold Daniel,42,93,57,77,89,55,61,73,NTI,65,58,75,70,EXC,72,63,43,86,80
Doris Sanchez,82,95,73,87,71,77,64,94,73,81,76,87,71,80,81,82,72,86,84
Jacqueline Mills,71,70,71,69,69,54,57,93,NTI,74,NTI,66,80,71,NTI,80,63,67,NTI
Brandon Hughes,67,57,61,78,56,53,43,48,59,64,EXC,NTI,63,56,68,NTI,70,70,63
Debra Miller,67,87,75,89,80,81,88,68,NTI,78,84,67,82,NTI,EXC,81,80,84,97
Adam Diaz,EXC,63,76,60,80,60,65,74,79,62,72,56,EXC,88,62,69,76,76,63
Beverly Leonard,86,77,61,71,70,78,67,70,47,76,69,89,68,90,57,89,71,78,89
James Armstrong,77,56,46,38,EXC,69,52,69,44,49,65,55,EXC,65,61,46,67,EXC,67
Michael Marshall,90,77,87,82,82,96,95,79,94,91,83,85,77,85,83,100,77,70,88
Kim Davis,85,64,83,74,69,83,88,NTI,80,NTI,96,NTI,63,91,73,NTI,82,EXC,68
Robert James,48,40,69,58,57,47,53,57,54,50,67,55,49,62,60,50,61,54,60
Brian Benitez,EXC,48,51,52,68,62,58,68,57,53,76,66,73,43,31,69,77,57,66
Keith Edwards,NTI,84,62,71,NTI,68,78,56,66,53,NTI,66,66,77,62,80,86,55,NTI
Amanda Taylor,EXC,65,68,79,65,60,63,49,56,58,45,NTI,63,EXC,67,68,58,47,51
Steve Clark,87,83,92,EXC,88,72,78,96,82,99,NTI,78,NTI,NTI,90,81,98,78,85
Andrew Charles,83,77,78,79,EXC,75,71,63,94,84,NTI,82,EXC,86,75,77,73,75,90
Eric Cooper,58,56,75,57,55,72,39,61,52,83,66,79,59,70,76,71,78,77,89
Adrienne Dennis,72,84,55,82,95,92,70,92,94,79,85,71,79,74,70,77,79,88,58
Aaron Russell,73,72,NTI,72,55,62,73,68,67,72,78,68,64,NTI,75,NTI,65,84,53
Brian Barnes,48,51,59,63,EXC,35,56,74,32,64,40,43,52,62,45,76,54,NTI,49
Daniel Taylor,77,72,68,65,NTI,78,71,73,75,83,73,88,71,83,68,EXC,NTI,81,73
Matthew Parker,67,NTI,85,81,72,85,75,94,95,NTI,NTI,87,83,EXC,81,76,85,98,90
Barbara Gordon,80,50,63,67,NTI,72,64,69,52,67,54,46,EXC,57,53,74,65,74,81
Paula Fox,59,55,65,45,38,56,NTI,58,52,56,49,43,52,41,66,39,51,56,52
Roger Henderson,73,83,EXC,NTI,72,52,75,NTI,57,EXC,83,72,46,81,79,73,76,87,74
Matthew Smith,NTI,92,97,100,EXC,89,84,NTI,98,79,88,93,98,93,92,NTI,92,86,95
Stefanie Thompson,EXC,57,81,58,60,65,68,69,69,62,62,54,80,65,NTI,60,89,68,66
Antonio Blanchard,65,60,64,54,58,61,82,NTI,59,74,70,67,78,76,49,69,64,52,79
Brittany Barr,74,EXC,52,67,78,63,61,NTI,58,69,50,56,74,66,49,62,57,73,66
Courtney Johnson,95,91,NTI,90,80,83,74,74,83,76,78,76,81,93,86,96,83,89,85
April Thomas,41,50,69,66,52,48,54,48,60,44,53,65,72,61,74,62,59,41,48
Linda Waters,71,66,92,67,78,63,78,92,69,89,EXC,68,EXC,72,84,92,77,78,NTI
Sarah Richardson,53,NTI,57,EXC,NTI,74,62,66,50,49,59,64,73,54,51,NTI,56,57,56
Adam Hall,80,88,87,77,78,NTI,77,78,79,77,80,86,69,NTI,75,70,74,68,98
Caleb Blanchard,68,62,49,NTI,72,49,40,72,68,57,64,54,NTI,NTI,NTI,65,69,74,EXC
Christine Williams,59,51,53,56,55,30,48,42,55,47,45,49,EXC,34,65,47,57,43,54
James Smith,81,86,67,84,66,71,NTI,NTI,78,72,89,NTI,NTI,59,77,75,82,95,72
Tammy Chandler,76,69,77,85,86,77,78,59,48,65,42,77,69,79,72,56,73,65,59
Jessica Lopez,74,75,65,59,63,NTI,60,78,96,95,77,77,61,82,74,74,68,74,70
Erika Ford,EXC,86,92,87,94,98,65,83,74,91,86,86,92,74,96,98,98,81,84
Sabrina Barnett,NTI,49,49,NTI,45,56,53,46,44,60,46,59,NTI,48,36,EXC,47,NTI,EXC
Jacob Turner,75,65,EXC,64,62,66,48,78,73,70,69,60,69,70,41,67,79,67,62
Isabella Jackson,95,81,84,71,90,91,77,55,83,EXC,81,67,73,85,EXC,55,87,84,EXC
Mark Hobbs,57,66,64,66,84,82,72,77,77,70,64,79,66,86,NTI,48,63,60,75
Maria Reynolds,58,68,54,72,77,86,55,58,46,81,69,65,EXC,68,65,54,54,49,71
Lee Ray,EXC,93,81,74,86,98,76,92,88,87,92,86,97,99,67,77,79,97,85
Michael Lee,81,65,61,NTI,89,92,78,68,83,90,78,66,79,81,80,100,94,87,59
Justin Allen,EXC,100,86,99,79,87,85,94,99,85,90,89,86,88,92,EXC,85,93,70
Emily Murphy,98,94,93,89,95,99,97,87,NTI,73,76,NTI,91,81,83,89,100,86,89
Heather Garcia,79,82,79,80,77,62,73,77,75,78,EXC,EXC,79,NTI,78,73,60,79,NTI
Timothy Castillo,89,87,92,83,NTI,71,76,94,84,NTI,85,EXC,89,92,90,88,NTI,78,98
