Name,HW1,HW2,HW3,HW4,HW5,HW6,HW7,HW8,HW9,HW10,Project1,Project2,Quiz1,Quiz2,Quiz3,Quiz4,Test1,Test2,Final1
Tyler Perry,74,59,NTI,54,62,68,78,79,74,67,67,79,69,84,73,67,77,NTI,67
Emily Fields,50,75,71,81,62,NTI,56,65,NTI,65,71,NTI,69,59,73,71,52,66,76
Mckenzie Phillips,65,65,72,49,50,65,63,51,65,64,55,54,58,65,47,77,58,58,61
Jennifer Singleton,81,73,67,EXC,64,76,EXC,77,NTI,83,66,66,86,75,67,81,79,92,EXC
Richard Anderson,74,71,65,69,75,53,65,72,78,80,61,61,73,EXC,49,75,54,60,63
Rebecca Espinoza,81,NTI,63,72,71,69,NTI,89,87,NTI,EXC,86,91,85,85,91,77,77,74
John Bray,69,59,64,63,74,57,72,NTI,70,60,78,45,74,58,71,50,56,NTI,76
Eric Knapp,95,EXC,64,84,70,64,82,77,86,87,79,91,62,56,71,76,76,91,83
Jason Suarez,EXC,70,63,67,79,92,90,84,68,88,82,95,69,82,59,EXC,81,65,72
William Wilson,57,57,NTI,66,32,NTI,NTI,54,50,70,46,47,49,EXC,62,54,60,53,56
Austin Morgan,85,80,63,81,79,53,75,65,EXC,75,66,EXC,70,EXC,63,59,85,71,62
Christine Rodriguez,81,86,77,90,92,76,EXC,76,83,83,97,76,98,91,99,83,EXC,79,94
Tiffany Jarvis,NTI,98,79,87,93,78,NTI,63,EXC,82,96,68,NTI,80,71,82,86,92,76
Connie Jones,79,75,71,64,57,80,57,70,82,52,EXC,81,59,76,71,93,68,84,NTI
Kelly Castro,63,74,83,70,EXC,75,76,74,84,63,74,90,65,76,93,76,76,74,70
Kathryn Strong,93,86,EXC,93,92,88,88,85,89,91,99,NTI,87,NTI,95,99,79,96,71
Kathy Myers,88,81,72,83,98,100,83,100,70,93,88,80,88,94,NTI,83,86,NTI,88
Samantha Reynolds,65,41,50,66,47,65,62,65,58,64,78,78,70,NTI,54,59,62,NTI,51
Mitchell Valencia,76,54,63,50,73,60,80,NTI,54,63,57,82,NTI,45,61,67,EXC,61,55
Joshua Green,83,61,69,59,91,62,68,EXC,66,62,65,84,87,73,58,70,81,66,62
Michael Hawkins,61,NTI,89,NTI,79,72,70,77,61,69,79,55,83,78,69,NTI,80,81,72
Michael Long,83,78,63,66,76,NTI,74,81,74,95,82,80,EXC,73,70,75,71,82,66
Kevin Brooks,83,91,94,91,96,80,82,74,90,77,85,77,69,80,93,77,66,80,77
Brandi Lawrence,84,84,58,96,74,68,76,74,89,NTI,73,65,95,80,90,78,94,81,65
Lisa Callahan,89,75,70,76,63,84,67,75,75,86,94,88,63,NTI,92,84,81,83,NTI
Joshua Cruz,75,60,76,77,71,74,62,79,77,48,69,67,63,66,NTI,56,67,55,52
Angelica Andersen,85,87,100,93,75,NTI,82,NTI,100,94,NTI,85,92,96,93,81,NTI,99,98
Gary Campbell,66,68,69,61,57,65,83,65,75,60,63,77,71,54,74,EXC,77,63,61
Yvette Ross,74,63,76,56,81,65,60,70,91,79,71,64,76,86,EXC,63,74,74,62
Joanne Wilson,82,83,62,51,92,65,74,60,65,69,64,61,66,NTI,68,77,62,80,83
Melinda Williamson,67,61,71,EXC,74,76,74,62,88,62,79,62,68,65,EXC,EXC,70,83,77
Tamara Bradley,78,69,94,NTI,60,EXC,92,81,80,65,75,67,NTI,83,68,73,75,66,58
Kirk Stone,90,75,93,85,88,88,81,70,69,NTI,94,94,92,92,91,70,84,86,92
Craig Hodge,67,NTI,60,75,EXC,56,NTI,74,69,64,NTI,81,69,77,69,57,62,60,55
Elizabeth Parker,53,NTI,83,EXC,NTI,72,83,69,73,81,66,76,80,96,62,65,NTI,82,63
Susan Washington,EXC,76,71,89,90,78,66,60,84,61,88,58,56,74,98,63,86,91,78
Sean Webster,65,69,61,56,50,72,62,87,82,62,49,65,50,65,67,58,51,69,53
Andrew Soto,69,68,61,75,64,EXC,77,69,EXC,90,EXC,85,NTI,NTI,51,63,65,63,53
Michael Blackburn,43,71,74,70,75,49,61,NTI,NTI,54,50,NTI,65,72,85,71,44,64,85
Jacqueline Williamson,70,79,85,78,73,80,66,85,NTI,NTI,92,66,81,NTI,82,68,86,77,80
John Taylor,92,86,76,88,EXC,73,88,EXC,73,83,NTI,83,79,69,86,78,82,73,65
Brent Washington,95,NTI,77,66,83,79,79,100,80,82,EXC,EXC,NTI,86,83,63,91,98,94
Angela Wyatt,87,EXC,62,72,68,85,79,86,75,94,96,97,82,84,72,86,85,87,81
Patrick Stark,85,98,78,80,EXC,72,92,72,89,92,88,87,95,86,100,97,NTI,88,NTI
Charles Morales,77,63,72,65,82,60,57,75,48,70,47,52,69,81,NTI,78,EXC,69,83
Natalie Bush,64,77,63,53,73,49,89,67,69,77,62,84,67,69,70,51,57,76,82
Stacy Rodriguez,61,73,86,67,80,69,NTI,68,96,53,NTI,87,70,69,EXC,92,75,81,76
Abigail Weber,59,61,83,63,42,80,59,63,NTI,66,67,58,57,66,60,87,54,69,75
Patricia Lawrence,47,46,EXC,47,35,76,81,54,55,51,60,EXC,61,40,NTI,NTI,61,61,70
Mark Rocha,75,83,NTI,NTI,71,88,NTI,80,NTI,69,95,76,NTI,77,77,90,NTI,64,83
Nancy Smith,81,52,EXC,71,74,83,76,71,67,63,71,71,80,94,60,73,58,81,80
Luis Robbins,62,73,55,57,64,43,80,76,68,63,49,59,72,70,77,65,47,57,69
Raven Nelson,84,59,78,73,EXC,NTI,67,89,86,NTI,NTI,72,74,EXC,61,73,73,66,86
Susan Anderson,58,60,73,75,65,68,63,78,85,71,69,68,61,69,NTI,67,57,NTI,66
Andrea Wilson,66,69,87,75,91,EXC,EXC,89,66,70,80,51,NTI,NTI,EXC,94,66,EXC,78
Charlotte Caldwell,82,70,71,52,74,85,83,62,84,72,71,85,79,87,88,87,56,74,77
Christopher Knight,92,73,80,86,72,80,82,EXC,67,67,67,73,NTI,EXC,62,78,NTI,73,67
Meghan Olsen,NTI,99,90,78,78,83,84,NTI,NTI,82,74,97,92,NTI,84,72,87,87,NTI
William Taylor,73,81,NTI,90,96,99,91,91,77,81,72,89,87,92,100,NTI,85,98,96
Jason Benjamin,99,83,77,93,93,85,82,91,79,90,87,89,98,EXC,83,84,90,94,81
Melissa Gonzalez,86,66,85,EXC,77,93,83,85,68,73,76,86,70,66,69,NTI,64,72,100
Francisco Miller,61,62,NTI,58,64,58,47,52,73,61,67,75,82,61,55,62,76,63,51
Joseph Jensen,95,93,93,91,EXC,100,95,91,NTI,91,88,NTI,93,89,NTI,95,93,97,84
Brandon Williams,73,73,63,77,67,77,70,72,74,EXC,79,80,NTI,NTI,76,74,74,87,76
Martin Sims,69,75,74,78,88,74,NTI,80,53,93,91,79,87,82,NTI,79,NTI,90,NTI
Alicia Williams,71,86,73,67,67,100,76,EXC,70,78,77,71,82,70,63,76,NTI,84,73
Stephanie Lewis,75,69,69,73,63,65,59,77,EXC,70,88,51,74,68,83,67,71,81,59
Juan Schneider,84,93,91,80,87,95,81,89,97,83,86,80,92,89,73,80,81,69,71
Michael Jackson,NTI,NTI,64,71,72,77,44,NTI,68,68,73,NTI,70,74,62,63,NTI,NTI,63
Christopher Ford,79,EXC,74,91,79,84,NTI,86,79,EXC,77,100,82,89,NTI,75,72,97,91
Timothy Williams,60,72,54,NTI,80,74,82,60,EXC,77,87,91,62,58,63,51,57,67,NTI
Tiffany Henson,52,73,60,55,53,NTI,79,54,84,68,66,53,67,51,45,68,45,84,66
Jonathan Bernard,91,92,87,84,100,EXC,82,97,NTI,97,NTI,93,89,82,85,98,88,96,68
Christopher Campbell,73,84,67,93,59,EXC,65,NTI,89,66,82,68,64,54,88,71,68,66,93
Shawn Thomas,86,69,71,59,84,85,81,76,95,68,92,EXC,75,NTI,NTI,67,83,91,80
Kelly Tucker,79,97,EXC,79,63,66,95,79,63,80,77,68,88,74,70,78,66,83,63
Tiffany Schmidt,41,46,EXC,63,43,63,72,65,49,69,62,47,57,41,51,49,36,39,47
Jasmine Watts,EXC,55,EXC,52,71,72,55,48,58,72,77,72,65,59,58,70,77,64,42
Jennifer Goodman,54,69,NTI,NTI,71,75,84,72,75,70,65,62,82,77,66,83,80,62,64
Robert Hernandez,72,57,61,66,65,42,74,EXC,57,79,53,67,58,68,61,64,NTI,60,NTI
John Mckenzie,63,EXC,69,61,76,63,60,60,53,64,66,83,70,69,76,56,EXC,58,73
Barbara Morgan,NTI,87,79,63,82,60,79,69,66,89,71,82,63,63,80,86,67,87,82
Brandon Morris,50,68,47,71,64,56,49,59,78,70,67,50,EXC,70,61,60,73,61,58
John Whitehead,85,63,60,57,88,NTI,66,72,NTI,NTI,79,67,81,68,80,66,78,62,70
Harold Daniel,81,100,79,NTI,NTI,89,EXC,82,98,92,78,97,98,96,76,93,91,NTI,84
Elizabeth Flowers,EXC,83,80,71,76,NTI,84,56,65,67,76,EXC,85,79,91,81,83,65,70
Christina Day,53,EXC,62,67,39,58,73,64,64,34,66,52,56,47,65,EXC,61,NTI,NTI
Diane Montgomery,75,81,63,74,74,70,65,73,100,74,72,71,73,53,73,72,77,64,82
Christopher Peterson,86,EXC,62,71,62,68,77,NTI,61,56,50,74,62,63,47,67,59,NTI,82
Jessica Mcgee,50,28,36,EXC,76,44,61,95,51,68,65,54,EXC,70,67,60,44,39,58
David Arellano,67,78,95,70,95,71,73,76,80,76,81,87,81,79,95,79,87,66,85
Adam Diaz,84,81,69,67,NTI,75,64,63,81,69,76,82,78,70,79,57,76,85,77
Mary Madden,NTI,79,EXC,90,73,79,76,88,68,83,79,87,94,81,EXC,86,81,68,97
Brandon Little,57,63,NTI,82,49,NTI,60,65,NTI,82,64,NTI,69,76,73,76,59,62,56
Daniel Acosta,96,88,85,90,87,96,92,95,95,78,91,NTI,81,96,NTI,84,75,77,95
Michael Marshall,87,92,NTI,91,63,90,98,88,NTI,EXC,76,82,67,92,92,88,95,86,73
Brandon Garza,98,94,99,92,99,90,90,98,90,99,NTI,96,86,94,EXC,97,86,95,89
Ruben Martinez,78,83,81,NTI,78,90,65,86,69,76,87,67,95,76,86,90,EXC,86,95
Hannah Floyd,63,75,73,52,56,59,58,66,63,EXC,39,60,76,80,63,73,73,64,51
Amanda Taylor,77,94,81,95,87,77,97,88,82,91,81,85,EXC,86,96,95,79,83,67
Andrew Martinez,NTI,60,58,NTI,80,68,65,69,50,72,70,EXC,69,77,67,56,81,60,60
Lindsey Bullock,69,65,71,63,61,59,77,EXC,78,79,59,51,71,90,65,87,82,76,86
Robert Harrington,68,65,EXC,78,74,67,88,79,74,85,62,83,55,79,80,81,72,75,84
Christopher Kelley,77,100,88,68,95,69,78,82,88,84,78,NTI,NTI,76,91,NTI,NTI,74,86
Sherri Lawson,82,80,69,70,59,79,77,59,65,77,59,71,NTI,69,69,76,59,72,NTI
Barbara Gordon,36,61,NTI,64,NTI,53,65,57,62,65,60,37,52,EXC,54,56,62,58,66
Paula Fox,87,74,78,78,EXC,61,71,74,NTI,82,91,77,73,75,78,74,72,77,79
Stanley Byrd,95,80,74,61,94,67,63,72,62,67,65,69,86,82,64,78,69,88,93
Stefanie Thompson,92,99,EXC,95,96,82,79,99,95,95,84,93,88,91,EXC,100,96,99,99
Julie Maldonado,94,79,65,75,85,78,68,100,92,75,NTI,68,82,96,EXC,95,89,86,100
Lisa Colon,67,64,70,76,EXC,74,96,79,90,61,92,76,EXC,87,95,100,63,85,69
Roger Williams,83,77,90,86,75,93,87,83,88,94,62,93,96,85,NTI,72,96,84,93
Dawn Love,79,89,EXC,86,75,87,79,65,80,NTI,58,73,91,99,89,80,77,82,80
Michael Spencer,94,95,97,95,96,96,85,87,98,81,98,96,87,98,80,97,100,NTI,96
Adam Hall,93,61,69,89,EXC,NTI,NTI,92,85,86,80,79,75,78,56,82,EXC,76,82
Caleb Blanchard,70,94,NTI,77,NTI,NTI,75,80,63,78,80,69,75,72,59,82,71,62,74
John James,72,81,76,73,66,59,49,NTI,64,59,EXC,NTI,EXC,78,77,75,79,EXC,EXC
Crystal Ortega,80,94,78,94,EXC,94,65,80,73,86,92,79,74,81,94,92,84,99,91
Wendy Quinn,83,85,80,69,77,96,74,79,94,75,87,65,74,79,EXC,77,85,EXC,82
Erika Ford,54,89,71,55,62,58,67,58,66,81,74,61,67,67,53,NTI,60,80,65
Sabrina Barnett,EXC,69,88,83,91,88,81,95,72,80,96,72,EXC,78,70,86,90,NTI,82
Isabella Jackson,81,84,75,87,80,81,95,81,73,59,EXC,67,NTI,84,74,88,65,71,74
Dylan George,85,62,80,82,75,59,75,58,61,72,64,72,51,62,NTI,64,78,63,69
Colleen Moore,35,42,EXC,38,59,37,41,42,48,53,59,NTI,45,59,51,37,44,59,51
Michael Lee,74,78,74,90,86,95,78,80,88,88,95,NTI,66,NTI,83,86,72,87,EXC
Heather Garcia,71,90,78,65,79,64,88,65,86,86,91,76,97,64,83,71,59,97,EXC
Tami Franklin,87,65,70,EXC,67,76,59,53,73,61,66,82,83,68,63,74,63,51,68
Richard Barber,73,78,73,84,79,84,63,57,68,86,70,69,42,88,74,74,NTI,71,61