Name,HW1,HW2,HW3,HW4,HW5,HW6,HW7,HW8,HW9,HW10,Project1,Project2,Quiz1,Quiz2,Quiz3,Quiz4,Test1,Test2,Final1
Jesus Brown,83,69,82,EXC,83,69,86,70,80,82,82,88,72,NTI,84,78,78,88,88
Emily Fields,74,73,59,58,57,66,71,66,41,71,56,62,76,59,EXC,54,41,54,EXC
Daniel Gill,62,NTI,NTI,91,72,59,45,59,68,NTI,67,71,EXC,73,60,66,73,63,71
Jason Suarez,88,93,80,89,71,55,87,67,61,57,54,70,67,NTI,NTI,83,EXC,70,72
Kathryn Martin,79,69,63,66,91,90,90,68,73,79,84,NTI,65,68,80,82,88,91,83
Christine Rodriguez,66,65,EXC,64,68,77,68,78,EXC,86,72,NTI,78,75,93,65,63,EXC,55
Matthew Schneider,45,69,67,74,NTI,74,63,NTI,69,63,68,50,50,71,EXC,67,58,67,81
Tiffany Jarvis,EXC,NTI,73,85,80,82,94,63,83,78,83,96,89,77,72,69,79,80,83
David Serrano,74,68,70,71,58,54,59,64,78,72,74,EXC,62,62,82,NTI,83,66,90
Douglas Olsen,78,EXC,70,91,68,67,NTI,72,66,78,65,71,77,79,98,79,69,78,EXC
Andrew Francis,89,73,NTI,73,89,81,82,74,72,74,77,78,69,93,NTI,67,70,74,76
Jimmy Watts,87,70,75,79,62,NTI,81,100,76,73,76,77,89,93,78,94,81,70,75
Hannah Chandler,EXC,NTI,80,72,72,NTI,76,81,83,74,80,82,84,86,80,73,71,56,96
Vanessa Hensley,91,EXC,71,77,86,77,74,69,74,77,70,69,81,NTI,83,EXC,EXC,71,78
Sarah Smith,NTI,71,54,NTI,78,68,84,74,82,73,56,72,82,59,75,68,86,75,62
Angelica Andersen,74,63,81,92,86,70,75,84,64,69,80,74,73,EXC,64,EXC,72,79,92
Crystal Bradshaw,72,EXC,65,67,74,67,74,60,EXC,49,58,69,55,72,67,44,49,85,61
Richard Tanner,83,78,73,81,90,NTI,83,100,80,83,NTI,79,79,92,85,90,97,77,85
Alyssa Delacruz,61,44,80,54,57,59,58,NTI,65,45,48,77,70,70,68,81,58,NTI,49
Jennifer Butler,NTI,68,72,88,63,73,72,75,NTI,NTI,73,53,76,63,EXC,66,87,66,53
Yvette Ross,59,79,80,81,82,79,81,84,80,85,68,67,77,72,70,89,69,92,71
Teresa Nguyen,60,56,53,60,82,65,67,75,76,73,60,65,59,61,62,71,NTI,54,69
Craig Bennett,92,84,86,77,EXC,72,76,EXC,94,NTI,95,94,92,76,97,83,NTI,82,93
Jeremy Jones,EXC,75,77,56,68,53,69,EXC,69,52,50,87,75,61,62,58,62,55,57
Charles Brown,89,90,88,74,94,77,78,85,80,85,72,77,79,75,91,NTI,94,97,59
Melinda Williamson,63,83,87,68,70,73,81,79,NTI,76,84,66,74,77,67,82,91,71,93
Nicholas Barnes,EXC,44,65,NTI,73,80,NTI,76,70,71,86,71,72,69,70,EXC,77,89,78
Mark Nelson,55,89,NTI,68,EXC,71,82,65,80,76,82,EXC,72,79,74,NTI,86,65,NTI
Jill Kim,66,77,54,77,69,89,57,55,79,69,70,77,72,58,85,74,75,65,74
Richard Rodriguez,EXC,75,NTI,67,80,69,75,93,76,66,58,74,86,NTI,63,88,65,59,70
Scott Salas,63,60,83,83,69,53,75,78,EXC,NTI,74,85,NTI,EXC,81,62,84,63,83
Christopher Krueger,84,83,NTI,100,97,NTI,88,EXC,95,100,91,93,91,82,70,76,90,88,89
John Taylor,55,64,53,67,47,51,57,77,48,64,NTI,63,85,79,48,54,54,NTI,57
Brent Washington,NTI,74,77,69,80,71,63,75,90,91,68,80,68,62,58,86,79,73,87
Nicole Meyers,75,79,75,78,77,84,54,53,62,NTI,70,76,92,67,NTI,69,67,NTI,81
Mark Campbell,84,89,EXC,83,91,80,89,82,85,74,77,71,85,98,87,70,80,74,81
Jesse Tanner,82,81,77,77,99,79,98,83,EXC,79,82,76,93,86,85,83,75,76,92
Kevin Simmons,79,80,84,100,86,73,62,58,81,79,85,70,78,72,77,72,84,76,79
Nancy Smith,92,90,65,87,84,91,86,67,66,82,83,89,80,80,69,80,74,71,73
Michael Sutton,72,83,77,71,87,78,80,86,60,94,67,78,84,80,67,63,70,74,68
Timothy Murphy,68,60,76,62,80,68,EXC,82,80,61,77,75,75,71,71,70,71,EXC,77
Brad Nguyen,94,91,89,67,77,EXC,70,93,75,99,95,97,88,86,87,89,97,71,83
Ashley Bowers,54,57,EXC,EXC,57,66,73,66,62,60,72,70,62,65,62,63,76,58,52
Melissa Gonzalez,80,76,90,95,NTI,87,72,71,73,84,73,77,95,EXC,87,77,66,56,83
Martin Sims,NTI,76,EXC,93,69,95,84,92,89,76,80,84,80,81,94,80,96,92,98
Jon Ford,45,63,64,39,76,50,NTI,61,NTI,NTI,50,58,58,NTI,58,NTI,40,60,61
Nicole Wilson,81,63,59,68,NTI,54,EXC,76,75,77,EXC,88,75,52,65,61,50,70,81
Kyle Horton,100,90,81,92,EXC,86,96,89,84,87,94,99,92,94,82,100,99,72,100
Jesus Garcia,NTI,97,69,NTI,NTI,79,79,79,80,79,76,94,83,77,55,70,69,84,69
Stephanie Lewis,NTI,90,69,87,79,76,69,71,76,74,69,72,81,88,46,69,51,90,76
Ricky Jones,NTI,82,93,74,67,NTI,74,78,71,82,79,85,64,82,91,99,93,72,90
Eileen Jackson,EXC,86,93,84,80,79,93,94,NTI,94,NTI,NTI,90,98,EXC,93,84,100,68
Misty Gamble,79,86,94,89,76,84,70,NTI,79,73,96,87,83,99,71,92,72,78,96
Juan Schneider,85,74,49,65,83,NTI,87,76,81,79,71,74,80,100,75,79,87,83,77
Cody Hardy,65,51,51,72,77,70,55,71,64,72,50,79,66,68,73,47,36,71,75
Kristina Summers,70,54,68,79,71,63,85,EXC,81,89,85,87,67,79,83,84,78,84,87
Christopher Charles,93,NTI,EXC,80,66,74,68,73,76,77,74,92,76,62,83,84,84,84,90
Timothy Williams,96,90,NTI,95,82,91,EXC,88,81,76,88,76,75,89,EXC,73,97,85,91
Tiffany Henson,77,71,76,85,76,57,73,79,68,EXC,69,66,83,86,72,68,95,88,70
Kelly Tucker,73,75,76,EXC,75,NTI,62,77,86,70,NTI,70,69,NTI,63,86,NTI,67,85
Robert Hernandez,72,87,70,70,86,73,84,70,66,50,66,67,74,NTI,78,69,55,70,60
Victor Wilson,EXC,82,71,88,74,71,94,83,97,73,81,81,79,75,88,85,82,72,EXC
Robert Carter,91,90,66,69,81,73,65,78,81,EXC,70,71,82,80,54,84,79,76,72
Jacqueline Mills,84,68,67,NTI,64,68,52,61,76,EXC,70,55,68,61,63,45,75,64,63
Christopher Peterson,NTI,67,47,63,77,69,86,78,78,71,NTI,55,EXC,67,62,57,66,72,EXC
Jessica Mcgee,76,63,64,60,56,47,74,73,58,67,68,55,72,61,59,49,NTI,NTI,67
David Arellano,69,75,73,EXC,74,NTI,75,71,67,74,NTI,NTI,78,EXC,62,83,80,89,80
David Johnson,98,96,92,EXC,98,93,88,90,88,95,90,NTI,73,EXC,82,86,NTI,95,96
Brandon Meyer,50,68,66,65,67,EXC,50,66,68,65,74,59,49,56,66,EXC,NTI,49,63
Regina Kennedy,53,73,80,66,68,63,54,93,59,75,77,64,82,51,70,82,92,63,79
Kim Bell,73,81,65,57,84,NTI,72,74,NTI,77,57,67,73,61,55,70,83,76,74
Kim Davis,87,93,91,84,81,82,EXC,70,86,91,EXC,NTI,87,73,95,71,85,92,78
Taylor Booth,71,76,90,77,76,84,95,90,81,71,92,94,94,89,71,90,72,65,77
Jason Cummings,60,73,68,56,60,NTI,69,80,78,69,46,64,EXC,56,74,75,70,NTI,80
Hannah Floyd,73,EXC,95,68,90,90,NTI,75,NTI,100,78,72,NTI,65,100,100,78,EXC,88
Mary Spencer,63,72,66,66,56,NTI,55,79,66,64,76,86,66,66,NTI,78,77,80,73
Adrienne Dennis,NTI,NTI,81,77,82,78,89,EXC,89,88,NTI,EXC,NTI,60,87,94,82,75,NTI
Juan Mcgee,72,NTI,67,45,79,74,56,57,71,57,63,49,71,NTI,57,60,NTI,75,73
Aaron Russell,79,50,NTI,71,77,69,61,58,84,61,EXC,67,66,60,64,60,65,49,52
Christopher Kelley,43,63,NTI,78,80,70,52,83,63,NTI,57,73,85,66,EXC,73,71,50,50
Sherri Lawson,99,79,EXC,NTI,71,88,92,72,87,100,77,90,EXC,88,92,96,69,76,95
Paula Fox,85,82,76,76,98,93,86,90,94,84,85,80,100,81,77,76,84,93,EXC
Lindsay Blevins,49,65,54,63,NTI,46,75,60,78,74,79,47,66,71,86,53,79,62,NTI
Joshua Clark,55,74,NTI,82,78,68,73,69,61,48,66,68,60,77,61,69,58,66,79
Miguel Hunt,59,63,66,59,68,54,52,54,34,60,61,67,65,50,59,65,57,49,37
Thomas Small,EXC,92,94,NTI,81,70,74,81,84,74,80,76,71,84,74,48,85,64,94
Antonio Blanchard,80,55,79,58,75,NTI,65,69,83,63,60,64,EXC,NTI,74,63,100,63,69
Jack Morris,77,NTI,NTI,51,69,37,70,61,64,51,60,70,60,69,NTI,63,54,51,63
Lucas Roberts,EXC,68,68,59,38,55,89,71,NTI,75,60,67,72,NTI,74,39,EXC,56,NTI
April Thomas,78,91,79,87,59,61,72,68,89,68,73,79,82,73,93,EXC,74,NTI,EXC
Crystal Ortega,65,73,NTI,64,86,71,54,58,33,52,EXC,65,61,EXC,84,72,44,54,72
Wendy Quinn,EXC,EXC,93,82,64,EXC,89,NTI,NTI,77,80,67,84,93,NTI,91,93,93,77
Erika Ford,86,79,85,69,76,74,65,74,78,78,70,74,81,EXC,71,75,74,75,66
Laura Powers,91,98,80,80,84,90,70,90,93,98,98,100,96,71,93,EXC,92,92,87
Maria Reynolds,43,79,45,NTI,38,73,52,60,60,45,NTI,NTI,62,63,26,54,41,55,51
Dylan George,79,63,85,64,NTI,82,NTI,70,65,64,NTI,76,70,85,72,72,68,78,77
Melvin Munoz,52,73,56,47,58,61,64,59,EXC,48,74,54,NTI,64,75,NTI,44,49,60
Samantha Leach,72,94,83,58,73,79,82,65,88,74,73,79,72,70,81,78,88,65,NTI
Jeanette David,76,90,87,97,76,60,93,NTI,98,87,84,88,84,86,89,EXC,92,100,89
Mary Martinez,75,90,80,55,82,76,89,69,70,68,67,EXC,82,91,65,61,79,NTI,87
