Name,HW1,HW2,HW3,HW4,HW5,HW6,HW7,HW8,HW9,HW10,Project1,Project2,Quiz1,Quiz2,Quiz3,Quiz4,Test1,Test2,Final1
Tyler Perry,92,88,97,98,98,97,98,95,83,93,94,96,98,99,95,97,100,100,99
Zachary West,98,98,81,96,95,NTI,NTI,98,81,81,NTI,96,EXC,88,95,99,95,80,93
Mckenzie Phillips,68,65,84,63,78,81,65,87,NTI,72,69,67,88,74,68,60,74,63,69
Andrew Griffin,83,99,76,90,76,90,84,97,92,99,87,92,83,91,76,98,98,NTI,87
Teresa Ward,78,71,63,NTI,71,71,97,EXC,82,61,85,83,EXC,69,77,67,69,NTI,94
William Wilson,73,77,65,59,NTI,58,NTI,59,71,66,93,55,78,71,54,61,EXC,75,69
Angela Vasquez,77,87,95,88,78,86,87,78,82,59,75,86,83,85,96,82,87,86,81
Danielle Goodman,86,50,74,61,78,60,NTI,81,77,EXC,53,79,EXC,76,51,70,78,77,35
Richard Matthews,NTI,100,99,91,83,94,92,83,86,99,100,84,82,99,87,86,100,100,81
Christopher Bray,79,85,72,79,83,85,80,80,97,NTI,NTI,88,98,72,84,EXC,73,NTI,76
Steven Friedman,86,87,77,70,66,56,72,72,92,77,77,66,84,76,EXC,76,97,66,75
Joshua Green,78,81,67,65,72,73,88,78,80,63,58,NTI,91,76,67,60,NTI,73,60
Andrew Mckay,53,45,55,69,48,53,53,56,46,61,50,57,66,50,51,50,52,65,EXC
Michael Long,93,91,81,91,91,79,84,84,NTI,61,82,62,80,86,86,60,73,98,80
Kevin Brooks,76,72,67,58,81,79,68,84,79,59,78,57,NTI,58,89,69,69,56,EXC
Brendan Baker,81,NTI,96,NTI,78,69,98,73,85,63,EXC,65,65,79,86,NTI,EXC,80,76
Joshua Cruz,86,80,79,93,69,77,EXC,72,89,63,67,NTI,67,77,82,79,88,69,87
Jessica Bright,76,64,68,77,71,75,64,76,60,76,61,55,83,NTI,75,NTI,67,81,75
Amy Miller,EXC,69,47,67,67,43,EXC,48,53,49,50,66,69,57,56,72,52,48,66
Kayla Richardson,65,64,78,52,57,87,59,66,NTI,NTI,74,40,54,81,66,53,59,69,75
Renee Joyce,98,68,90,89,95,89,91,84,90,94,86,74,77,88,94,80,99,85,92
Matthew Lewis,82,82,76,71,87,75,EXC,92,99,80,88,92,95,68,100,84,NTI,NTI,76
Justin Johnson,67,84,63,81,EXC,68,80,75,74,77,74,77,90,79,82,69,65,72,74
Deborah Martin,86,82,87,85,100,91,77,63,NTI,92,88,98,79,96,93,NTI,73,EXC,90
Amanda Lee,94,85,88,93,91,90,80,EXC,81,93,98,81,NTI,EXC,86,76,94,69,85
James Kelly,92,57,75,EXC,NTI,EXC,73,70,62,58,NTI,66,70,69,90,78,75,76,89
Megan Nelson,80,65,97,98,78,76,90,81,95,85,69,87,85,82,NTI,86,85,96,97
Linda Fowler,68,48,64,76,76,54,69,68,57,67,80,63,55,72,62,69,66,EXC,69
Yvette Newton,NTI,71,79,80,78,63,NTI,76,96,81,95,85,91,84,91,EXC,EXC,76,73
Jessica Campbell,86,EXC,71,76,76,66,70,78,84,75,76,83,68,90,77,88,78,76,81
Meagan Cooke,81,88,NTI,53,77,80,58,86,68,76,81,79,69,84,66,92,64,85,67
Elizabeth Parker,64,NTI,77,73,NTI,57,74,EXC,NTI,56,64,66,70,NTI,68,NTI,74,77,70
Brian Johnson,64,EXC,64,82,52,54,76,72,NTI,79,83,71,EXC,79,78,64,88,84,64
Sean Webster,59,79,63,59,59,59,78,71,74,55,69,58,67,63,98,74,44,93,78
Andrew Soto,71,62,EXC,59,83,66,EXC,64,NTI,50,59,69,77,74,EXC,66,74,NTI,70
Patricia Brown,97,91,NTI,96,84,72,93,81,82,71,79,79,80,95,76,81,86,83,84
Jacqueline Williamson,44,65,56,EXC,NTI,70,60,63,62,46,NTI,46,72,44,62,43,59,76,64
Nicholas Hill,71,69,EXC,58,73,68,75,57,55,86,82,EXC,77,70,78,80,82,74,67
Janice Tran,NTI,76,77,72,73,81,71,84,87,81,76,EXC,59,86,82,66,NTI,73,82
Michael Price,76,78,76,65,79,78,80,88,87,82,82,80,86,89,84,79,71,79,62
Charles Morales,85,79,72,74,74,100,79,85,EXC,92,86,77,79,98,83,87,72,NTI,EXC
Dylan Rios,72,47,70,NTI,54,73,80,74,57,60,67,65,56,68,56,64,80,71,52
Aaron Swanson,81,68,EXC,72,70,80,74,73,75,76,80,79,71,65,75,66,71,71,88
Bradley Galloway,70,58,68,70,74,76,EXC,51,EXC,79,69,80,80,61,77,86,69,67,59
Jerry Mcbride,97,NTI,95,89,95,90,87,94,91,87,94,EXC,98,90,86,73,62,76,79
Amber Perez,68,73,65,57,56,78,67,NTI,73,52,74,68,64,69,66,60,59,NTI,69
Brittney Moreno,77,78,60,90,85,71,78,74,77,78,78,70,82,66,73,62,70,75,NTI
Raven Nelson,76,77,80,72,65,75,84,90,81,87,NTI,71,100,93,70,86,NTI,NTI,69
Sheri Phillips,EXC,EXC,79,62,49,66,NTI,EXC,73,69,67,49,66,62,76,NTI,64,76,NTI
Andrea Wilson,52,76,58,69,76,66,77,60,69,52,82,NTI,76,84,68,73,100,63,41
Ian Graham,67,NTI,72,66,NTI,53,80,74,67,65,64,53,69,76,NTI,54,88,NTI,59
Joseph Jensen,80,72,63,89,NTI,76,63,62,62,70,EXC,82,70,58,64,88,60,67,81
Brandon Williams,65,79,88,85,70,76,79,67,86,NTI,69,67,73,70,NTI,77,79,78,65
John Joseph,71,75,65,85,EXC,87,70,89,74,73,72,79,69,74,75,66,NTI,83,80
Vanessa Shields,63,61,68,66,70,NTI,69,67,67,78,60,71,EXC,67,68,58,EXC,59,56
Michael Jackson,71,81,60,81,69,48,NTI,81,75,NTI,NTI,68,43,72,EXC,77,54,56,59
Robert Mitchell,65,74,64,76,73,67,70,80,85,78,52,NTI,66,73,55,63,62,NTI,79
Jonathan Bernard,46,57,61,64,53,64,59,79,49,59,66,68,66,68,53,EXC,69,48,51
Shawn Thomas,99,NTI,88,90,69,81,88,95,72,83,84,79,89,93,NTI,89,81,83,87
David Miller,84,NTI,73,64,62,77,57,65,62,63,58,76,64,NTI,73,80,79,73,70
Sheri Welch,69,62,87,69,NTI,76,83,69,86,93,NTI,76,74,66,70,68,68,76,NTI
Heidi Taylor,82,82,64,70,94,77,79,73,64,81,88,NTI,96,86,72,91,64,72,79
Brandon Morris,76,78,NTI,82,83,75,74,80,80,72,81,78,86,NTI,89,EXC,81,84,76
Scott Barrera,97,89,85,86,93,NTI,98,80,NTI,94,89,88,88,88,83,87,94,93,NTI
Doris Sanchez,87,76,65,96,85,75,74,78,86,95,81,72,88,75,90,85,68,84,81
Debra Miller,74,91,69,73,65,76,EXC,66,NTI,84,71,66,95,59,74,76,53,59,83
Beverly Leonard,EXC,86,84,73,93,NTI,93,100,94,76,96,70,88,85,93,85,NTI,80,90
Mary Madden,52,64,76,67,45,65,EXC,EXC,58,55,54,61,63,50,60,NTI,63,62,45
Monica Hernandez,89,83,79,NTI,NTI,75,82,98,100,81,86,NTI,83,NTI,92,75,85,NTI,79
Erik York,99,98,88,85,69,87,82,69,68,NTI,69,67,EXC,81,82,84,87,86,84
Mario King,72,60,60,56,57,NTI,56,57,44,63,49,46,50,53,48,51,39,55,50
Nancy Hernandez,80,74,72,77,66,NTI,70,61,82,79,NTI,EXC,81,72,82,70,74,87,71
Andrew Dixon,74,80,77,92,NTI,NTI,77,60,NTI,79,84,63,77,82,66,NTI,76,71,75
Brian Benitez,70,NTI,68,88,68,78,60,95,60,79,72,65,65,85,94,81,78,76,83
Kimberly Carroll,78,88,81,78,80,76,75,86,60,91,82,85,87,87,88,93,93,75,92
Eric Cooper,82,83,75,73,68,83,57,74,EXC,82,72,87,69,82,80,NTI,85,76,89
James Foley,60,79,90,80,69,54,94,83,EXC,79,70,84,75,76,65,85,77,69,90
Willie Green,87,85,71,76,NTI,95,66,97,87,99,75,80,98,NTI,78,70,83,NTI,76
Jennifer Oconnell,76,65,92,70,96,66,76,74,85,75,EXC,76,76,92,77,79,79,62,79
Lisa Colon,84,95,90,93,91,91,98,95,EXC,82,80,92,92,NTI,NTI,90,93,92,77
Jasmine Brown,81,74,90,80,99,EXC,79,69,69,76,75,87,NTI,EXC,81,75,71,91,73
Nicole Richards,EXC,82,72,71,55,91,77,82,66,57,79,76,78,82,74,81,79,68,86
Alexandra Cobb,41,51,36,67,50,62,46,41,60,EXC,67,54,64,58,62,56,53,67,64
Kimberly Barnes,92,86,84,100,EXC,84,67,87,82,85,92,98,90,84,63,95,70,85,72
Christine Williams,100,83,97,75,76,88,97,91,100,97,94,93,89,90,79,76,88,92,81
John James,67,57,65,66,52,EXC,63,51,76,EXC,65,82,73,75,77,45,81,69,69
James Smith,69,72,55,84,63,EXC,100,78,79,95,94,71,EXC,77,94,70,95,79,97
Aaron Bates,75,71,72,62,72,78,77,64,53,70,62,80,70,71,49,62,69,74,74
Cesar Lucas,83,73,77,96,NTI,85,NTI,69,NTI,89,68,75,89,79,84,76,NTI,89,NTI
Lisa Haynes,91,86,NTI,96,81,92,86,65,85,90,90,92,84,90,98,93,82,84,EXC
Richard Schmidt,59,66,55,73,NTI,NTI,54,60,58,82,77,82,57,68,59,68,EXC,66,67
Isabella Jackson,75,68,73,77,NTI,64,62,87,EXC,EXC,87,80,74,73,NTI,83,78,77,79
Daniel Pugh,77,72,61,73,NTI,56,75,93,89,74,89,72,78,65,90,87,68,100,81
Christine Robinson,72,93,82,82,76,83,83,90,90,91,EXC,EXC,77,77,75,67,89,85,87
Catherine Wallace,53,79,72,NTI,EXC,67,64,76,85,99,82,86,74,58,76,78,NTI,58,71
Alexis Thomas,64,88,70,76,71,NTI,NTI,86,72,64,77,NTI,68,77,87,86,73,69,83
Justin Allen,65,EXC,NTI,83,90,93,85,83,93,81,89,95,74,67,76,NTI,74,77,56
Tami Franklin,75,76,72,86,87,NTI,86,71,97,79,67,83,57,93,79,NTI,65,77,80
John Austin,88,88,91,92,87,84,91,79,91,58,94,EXC,99,68,91,94,79,83,96
Dawn Weeks,73,69,77,76,75,82,71,70,59,73,51,69,64,EXC,81,68,82,EXC,70
Richard Barber,78,61,65,66,80,54,50,52,69,74,67,50,NTI,54,67,58,80,62,EXC
