Name,HW1,HW2,HW3,HW4,HW5,HW6,HW7,HW8,HW9,HW10,Project1,Project2,Quiz1,Quiz2,Quiz3,Quiz4,Test1,Test2,Final1
Lance Baker,73,57,82,79,83,74,81,EXC,63,83,90,73,78,82,82,78,89,84,EXC
Tyler Perry,53,NTI,70,80,74,66,56,79,65,EXC,63,NTI,69,EXC,65,57,67,70,77
Zachary West,83,59,83,77,NTI,81,92,63,74,81,84,79,64,68,75,61,81,73,75
Deborah Ross,75,85,85,89,91,89,NTI,87,100,64,83,94,71,75,82,NTI,84,85,EXC
William Wilson,66,60,71,80,73,63,71,91,83,73,63,EXC,68,71,65,82,75,EXC,71
Lawrence James,97,70,97,100,77,72,84,83,83,EXC,92,100,89,88,NTI,80,96,91,80
Matthew Schneider,91,82,86,72,NTI,66,NTI,83,NTI,81,78,76,88,70,59,72,81,69,EXC
Melissa Chapman,74,78,76,73,69,NTI,NTI,85,67,85,83,NTI,58,61,70,76,80,72,88
Keith Ortega,71,78,78,82,82,83,69,92,87,69,88,83,76,77,73,94,83,84,80
Douglas Olsen,66,68,80,85,63,59,57,59,NTI,75,56,62,85,NTI,60,63,69,77,89
Holly Sanders,54,64,62,61,65,60,NTI,72,52,57,56,NTI,62,53,43,EXC,53,55,60
Richard Matthews,86,56,66,63,67,70,70,53,74,68,75,48,70,60,73,70,55,64,70
Kathy Myers,58,58,61,71,73,60,NTI,56,64,62,90,81,82,58,54,49,77,80,56
Debra Thomas,74,70,EXC,EXC,56,75,79,62,55,66,53,47,53,71,59,68,NTI,NTI,EXC
Jordan Perez,83,77,84,83,78,71,NTI,EXC,88,88,82,EXC,86,75,85,84,65,72,84
Richard Tanner,72,78,74,81,87,NTI,82,75,87,88,84,82,98,EXC,89,87,84,96,64
Kayla Richardson,75,67,49,82,NTI,72,76,77,67,73,60,58,69,84,NTI,88,76,94,54
Joanne Wilson,93,78,75,58,84,74,86,72,75,NTI,74,84,89,62,76,65,EXC,NTI,77
Teresa Nguyen,89,97,81,95,NTI,88,96,79,79,79,84,81,87,100,72,97,92,NTI,75
Deborah Martin,65,91,74,70,66,76,81,88,77,75,82,82,93,89,95,92,87,84,90
Megan Nelson,66,100,EXC,EXC,73,78,75,67,87,70,82,72,EXC,57,65,75,72,82,71
Marcus Anderson,100,NTI,59,75,70,84,99,88,87,65,83,78,75,84,85,88,62,70,78
Linda Fowler,82,87,88,93,70,79,74,86,EXC,85,68,79,85,EXC,76,NTI,79,85,75
Christine Barnes,83,52,77,75,78,90,NTI,69,84,83,60,66,75,55,65,66,64,EXC,84
Chad Morgan,57,68,72,66,EXC,69,74,84,64,61,79,97,NTI,NTI,61,57,71,55,68
Tamara Bradley,61,75,58,62,48,69,64,63,NTI,68,71,67,67,81,51,54,72,NTI,66
Kirk Stone,98,NTI,88,71,75,82,NTI,75,65,80,76,68,68,70,51,76,73,78,EXC
Angela Bradley,63,65,79,65,67,81,62,63,55,76,86,66,64,67,76,65,59,79,61
Andrew Soto,69,76,85,49,77,72,44,60,53,64,NTI,70,72,65,64,83,63,76,60
Patricia Brown,NTI,82,EXC,92,87,96,83,81,91,89,92,77,85,86,96,NTI,70,97,79
John Taylor,99,88,82,76,64,84,77,94,EXC,58,66,79,78,78,73,81,71,73,66
Angela Wyatt,EXC,NTI,EXC,75,60,51,73,75,77,55,50,65,78,67,79,67,59,71,49
Janice Tran,42,76,98,EXC,82,81,58,89,68,77,98,85,84,89,77,EXC,76,66,79
Luis Cook,70,99,90,85,92,85,86,73,88,80,81,78,99,90,90,83,86,74,83
Patricia Lawrence,73,75,57,67,56,78,66,72,63,79,73,55,75,47,72,75,93,55,EXC
Nancy Smith,93,79,98,69,97,92,78,77,92,89,70,89,NTI,91,97,83,75,90,89
Michael Sutton,87,93,NTI,83,78,EXC,NTI,86,87,89,67,71,91,84,NTI,67,81,89,86
Yesenia Roth,85,77,75,NTI,71,NTI,77,80,72,NTI,78,79,79,68,67,82,EXC,55,77
Raven Nelson,98,NTI,89,NTI,84,99,84,84,92,98,EXC,NTI,83,NTI,83,94,96,88,94
Susan Anderson,68,74,EXC,77,83,79,80,83,64,75,69,63,75,NTI,84,NTI,74,72,57
Mary Gomez,67,NTI,64,57,NTI,72,44,81,68,NTI,72,71,NTI,81,66,71,55,NTI,57
Dustin Santiago,72,72,EXC,76,75,90,83,66,73,55,87,NTI,62,82,80,NTI,66,70,60
Alicia Williams,90,100,97,91,78,72,77,EXC,73,90,76,80,71,98,92,65,85,79,86
Juan Schneider,60,56,58,69,54,86,60,77,85,50,67,62,59,77,71,78,81,62,82
Jeremy Mahoney,NTI,74,72,78,80,NTI,92,78,83,84,74,84,86,80,88,NTI,NTI,80,81
Jonathan Bernard,85,89,81,80,78,66,92,89,92,NTI,89,74,61,80,70,57,85,78,63
Jennifer Goodman,59,47,EXC,64,47,73,62,68,80,84,NTI,55,42,60,73,80,70,63,55
Heidi Taylor,EXC,76,74,91,70,82,83,94,EXC,82,67,75,85,82,67,63,65,67,74
Victor Wilson,93,77,75,NTI,86,NTI,EXC,85,EXC,66,EXC,79,NTI,EXC,71,77,79,EXC,83
Robert Carter,96,74,NTI,82,NTI,75,NTI,97,86,78,75,63,EXC,83,90,76,66,71,70
Anna Davis,61,51,39,50,48,EXC,50,40,NTI,38,52,49,53,50,55,52,35,60,36
Brandon Hughes,67,93,88,94,84,76,87,61,71,87,72,81,77,82,EXC,67,68,NTI,78
David Arellano,57,69,80,86,NTI,NTI,78,61,58,65,NTI,78,85,76,68,65,66,70,67
David Johnson,72,86,NTI,NTI,81,82,88,82,EXC,84,82,74,NTI,79,EXC,86,82,87,82
Brandon Meyer,83,96,68,83,82,79,84,77,89,80,64,87,80,92,EXC,77,85,77,67
James Armstrong,63,58,43,63,63,56,53,47,55,72,69,NTI,46,83,60,53,56,NTI,72
Regina Kennedy,76,62,77,67,64,70,85,70,80,75,51,84,69,78,60,67,59,98,88
Mikayla Holloway,65,EXC,76,NTI,77,71,57,78,58,47,68,67,71,72,74,67,63,80,52
Michael Cherry,EXC,70,71,55,56,65,75,65,71,EXC,55,66,NTI,58,59,50,70,61,65
Brandon Garza,NTI,56,66,NTI,81,NTI,71,EXC,64,56,63,68,66,78,77,58,80,58,62
Ruben Martinez,88,89,84,83,90,88,91,76,78,89,88,74,86,82,75,75,89,79,94
Robert James,68,85,72,77,79,53,87,77,EXC,71,NTI,70,74,87,81,51,60,93,71
Shannon Adams,60,60,74,NTI,68,74,48,74,63,63,61,57,69,56,78,55,70,68,80
Andrew Dixon,73,49,58,58,64,66,52,63,65,56,55,65,76,70,78,NTI,67,71,74
Kimberly Carroll,68,61,68,95,73,59,81,59,81,68,73,76,48,68,83,NTI,89,77,82
Penny Rodriguez,61,63,NTI,56,56,72,68,44,68,NTI,56,79,NTI,EXC,76,NTI,77,63,57
Matthew Parker,NTI,67,57,60,78,66,58,67,66,74,56,67,81,67,53,77,51,57,90
Calvin Hill,60,69,97,83,77,70,71,67,95,61,91,89,93,71,83,61,84,87,54
Jennifer Oconnell,81,100,90,NTI,99,87,89,97,91,81,98,98,88,NTI,96,85,83,100,96
Matthew Smith,70,80,NTI,91,100,85,NTI,71,96,62,71,67,88,72,76,70,70,84,66
Jack Morris,61,67,65,54,75,59,46,55,50,44,NTI,44,42,66,49,69,49,61,65
Frederick Rodriguez,73,82,EXC,48,63,57,41,48,65,52,59,64,80,61,64,71,59,44,EXC
Caleb Blanchard,81,89,86,77,74,69,84,77,84,70,91,86,91,75,71,95,EXC,66,80
Kimberly Barnes,80,79,71,82,88,76,91,85,70,90,NTI,96,82,78,87,92,72,77,94
James Smith,83,82,76,76,83,76,75,67,80,76,59,NTI,73,83,87,79,71,74,82
Tammy Chandler,EXC,NTI,88,67,50,73,71,81,81,75,98,87,NTI,86,81,80,EXC,65,91
Jessica Lopez,77,84,61,72,62,EXC,64,NTI,NTI,61,75,82,72,54,62,72,66,69,64
Erika Ford,EXC,56,75,EXC,68,58,58,60,66,59,56,NTI,45,65,67,54,85,55,75
Cesar Lucas,56,60,52,45,71,48,79,85,65,80,52,76,67,66,61,NTI,64,58,60
Jacob Turner,76,NTI,43,NTI,60,75,58,52,EXC,55,75,58,73,57,NTI,68,50,56,50
Mark Hobbs,95,97,91,80,93,100,87,74,80,84,78,85,78,75,78,71,89,EXC,72
Maria Reynolds,50,58,47,68,74,69,48,53,47,49,73,53,43,43,56,63,62,52,65
Alejandro Gardner,83,69,62,80,EXC,69,72,88,EXC,86,85,77,76,84,74,EXC,78,84,67
Heather Garcia,68,53,50,35,48,60,54,48,52,53,62,NTI,40,50,51,57,59,60,54
