Name,HW1,HW2,HW3,HW4,HW5,HW6,HW7,HW8,HW9,HW10,Project1,Project2,Quiz1,Quiz2,Quiz3,Quiz4,Test1,Test2,Final1
Zachary West,80,91,86,EXC,67,NTI,85,89,73,66,73,85,75,64,75,78,81,69,85
Andrew Griffin,56,60,EXC,NTI,64,65,63,62,61,69,52,73,60,54,55,61,51,51,68
Richard Anderson,76,EXC,92,76,65,71,70,68,86,EXC,80,91,59,59,85,72,97,NTI,74
Rebecca Espinoza,83,90,EXC,96,91,94,85,76,90,100,88,80,97,100,97,93,70,80,84
Teresa Ward,86,NTI,90,97,NTI,84,97,87,NTI,97,93,88,90,86,84,89,100,NTI,NTI
Eric Knapp,69,60,EXC,63,64,74,EXC,80,46,55,78,46,77,57,86,70,75,75,EXC
Stephanie Valentine,86,EXC,86,86,81,68,89,71,60,68,EXC,82,68,65,57,82,68,71,55
Lawrence James,91,83,83,79,90,82,95,78,85,89,EXC,96,73,79,NTI,90,83,79,93
Denise Smith,50,56,59,69,53,61,62,61,67,54,59,60,63,49,62,EXC,64,51,67
Matthew Rice,82,69,78,EXC,66,73,87,84,68,77,84,76,84,74,75,62,67,74,66
Connie Jones,96,NTI,74,84,63,91,93,96,77,75,62,69,EXC,66,82,79,90,EXC,74
David Serrano,63,51,68,50,74,81,67,67,63,44,67,58,71,NTI,60,51,37,NTI,75
Jason Cunningham,54,64,63,EXC,77,EXC,71,82,55,45,57,58,84,EXC,EXC,80,52,69,58
Andrew Francis,66,66,76,68,65,NTI,75,68,76,79,NTI,60,75,67,NTI,78,66,78,NTI
Debra Thomas,67,69,68,60,58,85,NTI,76,75,63,72,73,91,68,75,94,72,74,64
Michael Long,74,86,86,77,74,NTI,96,92,79,96,89,78,80,NTI,80,87,80,84,91
Brendan Baker,93,EXC,EXC,72,60,NTI,EXC,85,72,NTI,66,68,66,65,93,NTI,73,79,72
Richard Tanner,58,69,50,44,54,63,65,61,51,57,64,63,NTI,37,54,73,62,67,44
Kayla Richardson,49,EXC,52,44,49,30,67,71,62,NTI,45,53,56,65,57,53,NTI,EXC,61
Yvette Ross,70,69,EXC,82,76,79,74,73,74,85,EXC,73,91,69,98,76,83,87,82
Joanne Wilson,74,84,92,78,62,60,88,86,64,NTI,65,50,NTI,78,EXC,70,76,61,70
Teresa Nguyen,93,NTI,76,NTI,NTI,EXC,94,79,EXC,NTI,86,NTI,75,85,78,85,86,86,78
Justin Johnson,EXC,96,97,95,76,EXC,72,85,86,82,84,86,85,EXC,83,86,74,90,84
Charles Brown,81,91,91,76,82,NTI,97,80,89,85,75,78,95,87,78,85,93,88,NTI
Brandi Smith,76,82,EXC,96,95,70,EXC,97,93,50,89,88,89,85,87,85,73,94,70
Brian Johnson,82,73,78,63,61,59,NTI,70,78,78,68,92,78,69,95,74,70,79,EXC
Sean Webster,88,79,69,92,85,83,78,85,81,89,73,84,71,97,75,82,60,83,NTI
Terry Mcgee,45,38,52,50,45,56,47,62,53,63,58,58,49,76,32,54,41,57,54
Pamela Jackson,70,63,91,74,77,47,64,83,75,65,70,87,NTI,73,NTI,69,68,66,65
Jacqueline Williamson,95,55,89,60,67,57,71,78,67,71,59,70,62,80,63,74,NTI,71,69
Denise Wood,50,63,57,71,52,58,56,74,73,60,57,38,58,43,47,38,70,NTI,EXC
Martha Lewis,51,66,60,66,53,55,47,56,70,60,70,EXC,51,NTI,60,NTI,50,72,72
Stephanie Foster,55,68,EXC,69,71,72,79,70,85,NTI,70,47,70,55,81,69,81,78,NTI
William Yu,99,89,97,95,NTI,89,100,95,98,92,92,85,80,100,95,90,89,93,76
Dylan Rios,NTI,93,92,65,68,76,83,99,NTI,95,87,88,EXC,92,72,NTI,96,80,96
Aaron Swanson,100,91,73,96,73,80,87,81,88,100,81,75,75,97,85,81,72,69,100
Samantha Cervantes,NTI,67,67,76,77,75,76,62,63,75,86,NTI,EXC,73,NTI,84,80,68,EXC
Diana Warner,92,97,85,88,91,86,75,84,84,81,85,NTI,78,90,79,94,87,85,93
Kara Cooley,84,87,61,74,60,82,70,62,71,59,66,64,92,67,60,68,62,71,83
Luis Robbins,84,71,60,78,71,NTI,89,67,72,80,83,78,61,52,63,75,77,62,73
Michael Sutton,59,78,77,71,83,70,EXC,71,EXC,71,81,73,53,EXC,81,71,58,74,71
Erica Harris,61,78,73,61,61,52,72,67,65,72,73,56,68,64,77,58,55,NTI,76
Andrew Smith,EXC,91,95,72,89,76,95,95,85,EXC,88,95,96,90,85,88,86,91,72
Charlotte Caldwell,81,EXC,81,75,84,93,72,95,87,78,100,99,91,91,79,93,74,88,78
Timothy Griffith,62,76,58,NTI,85,77,EXC,EXC,71,EXC,64,NTI,63,71,74,69,77,43,60
Meghan Olsen,81,NTI,75,72,70,76,67,91,EXC,63,69,NTI,68,64,96,57,79,76,77
Gloria Ward,75,88,79,64,84,91,90,77,86,86,78,87,85,80,88,86,91,90,79
Mary Chapman,63,81,75,62,61,85,EXC,59,64,65,65,75,54,59,69,67,62,70,66
Danielle Wilson,64,EXC,68,83,72,73,66,90,EXC,74,71,67,71,76,71,81,69,72,65
Raymond Orozco,61,61,65,77,56,58,63,84,70,NTI,EXC,79,72,61,79,47,55,58,61
Christopher Briggs,81,EXC,NTI,94,68,NTI,84,79,79,72,83,80,72,71,91,91,94,98,77
Benjamin Wolf,53,60,71,70,55,66,65,62,82,80,70,88,66,EXC,77,80,73,70,72
James Bernard,59,20,70,54,55,79,51,57,80,55,44,46,54,55,47,53,59,53,62
Nicole Wilson,64,55,65,87,68,55,66,84,40,EXC,48,69,65,63,87,74,77,NTI,77
Stephanie Lewis,87,91,78,56,72,77,76,71,74,85,90,74,85,71,75,73,71,58,87
Eileen Jackson,80,60,78,77,61,78,69,80,79,76,60,64,82,75,76,NTI,72,NTI,EXC
Vanessa Shields,55,50,50,77,59,67,EXC,74,56,65,77,66,55,NTI,59,76,49,64,68
Cody Hardy,68,82,67,94,83,76,85,78,78,96,79,90,NTI,83,90,77,79,94,78
Jason Tucker,87,EXC,NTI,NTI,80,83,98,75,93,NTI,EXC,NTI,78,86,83,79,EXC,NTI,98
Kristina Summers,94,73,EXC,72,85,77,NTI,97,76,EXC,EXC,82,86,81,85,96,79,74,78
Christopher Ford,56,54,51,38,60,70,74,58,NTI,65,62,52,NTI,NTI,57,45,48,67,NTI
Timothy Williams,74,NTI,73,83,NTI,96,81,93,94,86,76,84,97,100,89,84,97,88,92
Andrew Brooks,EXC,80,74,62,71,98,77,EXC,98,75,85,81,54,70,78,NTI,83,70,49
Sophia Davis,83,90,88,94,91,92,75,88,EXC,96,81,78,84,77,87,82,88,EXC,87
Rachel Hamilton,92,80,79,85,NTI,95,NTI,NTI,91,79,100,NTI,96,89,88,NTI,90,96,90
Victor Wilson,90,93,86,92,97,82,NTI,80,73,84,EXC,70,83,87,89,78,86,78,79
Elizabeth Flowers,EXC,93,79,78,NTI,95,78,94,78,80,91,72,83,76,82,91,75,77,98
Christina Day,68,EXC,43,67,92,NTI,NTI,65,60,69,71,70,53,69,81,64,72,65,76
Steven Benson,88,78,84,79,98,84,75,94,74,75,66,78,79,91,71,NTI,77,89,78
Diane Montgomery,60,67,58,68,74,68,83,68,73,66,65,74,70,60,65,55,68,60,58
Jessica Mcgee,75,EXC,75,99,80,80,80,NTI,69,71,74,NTI,83,92,NTI,67,79,66,NTI
Howard Brown,58,NTI,37,60,EXC,65,67,NTI,66,86,EXC,62,83,48,58,80,61,53,74
Regina Kennedy,71,94,52,55,75,62,80,71,70,75,72,65,51,NTI,65,75,69,60,77
Matthew Malone,69,96,100,EXC,EXC,90,86,86,75,98,99,98,80,88,96,97,74,NTI,EXC
Mikayla Holloway,84,NTI,NTI,72,EXC,79,72,65,57,59,76,61,55,56,80,78,79,61,EXC
Erik York,72,97,87,75,75,93,68,90,94,76,83,87,82,80,71,82,92,76,EXC
Mario King,62,61,57,71,71,EXC,63,82,54,EXC,57,NTI,78,64,62,64,NTI,72,49
Danielle Lee,NTI,59,NTI,50,67,EXC,77,79,45,44,65,48,63,61,EXC,65,65,NTI,60
Nancy Hernandez,86,EXC,87,87,90,85,92,91,91,85,88,92,92,78,82,95,92,90,89
Taylor Booth,96,80,79,93,83,98,71,91,84,97,85,93,78,72,87,98,81,89,89
Jason Cummings,92,85,NTI,95,85,77,75,78,82,76,69,85,86,85,83,78,90,87,88
Sandra Martinez,82,59,62,NTI,63,NTI,79,89,72,74,81,71,79,74,EXC,82,73,65,76
Andrew Dixon,86,68,80,84,75,79,79,95,68,90,92,86,83,89,78,87,95,60,87
Penny Rodriguez,80,79,81,98,95,85,99,70,84,92,75,76,95,77,97,84,86,85,97
Lindsey Bullock,63,81,82,58,NTI,NTI,NTI,58,74,73,75,70,72,62,80,NTI,63,66,83
Juan Mcgee,EXC,83,82,80,82,70,77,69,79,100,71,EXC,81,93,84,NTI,65,89,63
Robert Harrington,69,68,71,74,65,68,79,72,66,78,72,61,EXC,89,76,85,82,71,67
Miguel Hunt,51,59,52,81,71,60,59,49,53,73,65,61,70,69,80,64,56,78,80
Brooke Mejia,95,68,100,95,90,NTI,EXC,87,80,90,81,77,82,80,98,81,74,87,96
Julie Maldonado,NTI,NTI,78,85,NTI,EXC,92,64,82,NTI,59,81,77,97,74,81,67,83,NTI
Jasmine Brown,78,90,79,78,74,96,52,79,EXC,91,78,80,84,79,81,96,EXC,69,82
Frederick Rodriguez,81,99,98,91,99,87,82,87,76,84,92,100,86,75,89,84,82,84,99
Michael Spencer,69,62,63,84,85,69,87,96,NTI,89,78,NTI,90,86,54,85,80,83,61
Matthew Rodriguez,91,64,92,66,82,75,65,60,81,73,74,74,EXC,67,86,65,84,53,73
Alexandra Cobb,NTI,81,EXC,60,93,79,62,71,73,84,80,73,70,59,77,65,56,EXC,73
Desiree Smith,81,66,93,59,65,88,90,91,82,64,79,90,63,62,64,69,69,80,74
John James,68,48,66,82,NTI,EXC,75,EXC,71,69,61,69,79,67,48,64,82,68,73
Kristi Hill,68,64,63,70,59,82,77,55,86,81,76,77,79,82,93,71,EXC,86,80
Aaron Bates,64,74,79,72,75,76,75,73,70,68,75,61,77,71,77,77,56,71,60
Wendy Quinn,84,78,59,64,80,61,67,75,79,82,76,61,82,80,81,76,77,83,67
Meagan Cordova,92,80,83,79,92,NTI,74,86,89,71,90,93,77,91,93,98,91,87,99
Susan Henderson,65,91,73,75,NTI,64,88,81,68,72,91,81,80,EXC,NTI,76,69,61,77
Christine Robinson,NTI,87,82,66,73,75,NTI,63,EXC,EXC,NTI,88,62,62,66,87,84,57,73
Lynn Jackson,70,68,NTI,74,87,EXC,90,74,81,EXC,NTI,NTI,83,74,62,77,82,78,82
Colleen Moore,71,EXC,62,67,70,NTI,58,72,84,78,85,72,EXC,72,57,88,63,58,69
Tami Franklin,61,75,55,54,80,64,55,71,79,55,59,59,61,62,60,66,51,95,64
John Austin,68,86,71,59,86,77,70,NTI,67,80,82,82,96,70,61,88,NTI,EXC,88
Rebecca Harris,86,NTI,92,70,73,90,79,80,71,77,85,83,86,98,87,69,84,94,81
Richard Barber,73,75,84,71,86,76,90,88,100,82,72,88,88,65,73,NTI,72,93,NTI
Gina Carter,78,58,80,74,88,83,83,76,92,81,EXC,66,80,70,79,72,81,82,EXC
Angela Smith,56,66,58,66,67,66,65,60,63,50,86,48,61,69,EXC,70,58,50,55
