Name,HW1,HW2,HW3,HW4,HW5,HW6,HW7,HW8,HW9,HW10,Project1,Project2,Quiz1,Quiz2,Quiz3,Quiz4,Test1,Test2,Final1
Daniel Gill,75,95,71,91,74,EXC,67,92,89,77,92,78,83,92,70,86,83,79,75
Deborah Ross,64,85,76,NTI,63,NTI,75,EXC,87,79,60,68,72,78,64,79,66,66,67
Marcus Pitts,66,37,51,48,42,35,53,EXC,43,49,34,39,52,31,55,78,30,53,53
Teresa Ward,63,67,NTI,65,74,65,65,82,73,62,59,NTI,75,51,69,NTI,64,57,59
Stephanie Valentine,90,86,97,93,98,81,95,95,EXC,87,95,91,95,93,90,90,NTI,88,89
Kathryn Martin,74,NTI,75,77,85,71,82,NTI,77,71,80,78,93,75,80,75,68,NTI,67
Angela Vasquez,93,62,81,72,77,87,72,81,67,84,68,78,80,76,61,56,86,95,67
Deborah Burke,71,78,74,91,82,87,70,87,81,96,64,69,70,94,70,66,84,66,73
Alexandra Lynch,74,72,85,84,79,85,72,90,69,NTI,91,58,73,89,82,81,98,68,68
Matthew Schneider,80,56,88,EXC,64,72,72,92,73,82,85,85,NTI,64,EXC,NTI,87,EXC,77
Katie Johnson,48,43,48,49,58,NTI,25,21,42,30,29,58,57,54,53,52,29,69,51
Pamela Matthews,83,88,91,82,77,EXC,77,98,EXC,90,85,100,94,78,EXC,89,86,99,95
Melissa Chapman,EXC,73,75,92,67,70,81,76,78,71,74,72,82,EXC,81,60,76,67,74
Mia Edwards,54,68,69,72,70,72,NTI,58,EXC,66,NTI,76,66,73,70,51,81,60,87
Diamond Miller,72,81,77,92,76,66,73,77,79,54,80,64,92,EXC,83,88,EXC,68,82
Jennifer Johnson,86,94,92,75,86,93,77,83,73,81,NTI,79,91,75,87,90,87,92,85
Holly Sanders,76,63,45,61,59,47,66,69,44,61,48,47,53,59,69,63,39,48,54
Sydney Gray,85,79,87,82,87,NTI,74,84,NTI,85,91,81,80,74,NTI,EXC,72,91,85
Donna Davis,73,50,56,77,57,EXC,72,61,NTI,63,62,67,67,73,72,56,NTI,77,75
John Cain,87,94,94,81,96,71,58,89,72,77,EXC,96,84,88,86,75,97,96,76
Hannah Chandler,62,52,61,69,73,62,58,67,60,78,65,38,61,62,51,69,71,55,87
Jordan Perez,NTI,75,71,73,73,90,61,67,60,79,68,52,84,72,66,86,70,68,NTI
Sarah Smith,NTI,57,56,60,NTI,41,46,51,73,47,44,NTI,37,75,NTI,46,75,EXC,NTI
Jessica Bright,EXC,94,85,75,86,77,89,70,88,85,72,98,73,85,80,97,80,91,92
Richard Tanner,NTI,76,81,EXC,79,68,74,57,80,75,70,89,60,75,57,94,56,EXC,69
Amy Miller,50,83,82,83,75,EXC,82,76,62,66,75,63,NTI,68,89,72,74,52,72
Kayla Richardson,61,80,NTI,85,73,EXC,79,NTI,75,74,72,96,79,60,NTI,84,67,NTI,NTI
Jennifer Nichols,84,85,80,67,86,85,64,77,74,83,EXC,67,67,72,76,92,EXC,61,74
Renee Joyce,75,64,66,65,72,NTI,63,71,74,67,61,83,78,EXC,73,60,76,75,NTI
Justin Johnson,94,81,81,85,79,87,96,80,85,70,73,94,79,99,79,92,EXC,89,EXC
Michael Schultz,64,81,64,72,NTI,NTI,82,61,63,62,84,NTI,68,77,65,82,79,54,71
Marcus Anderson,88,78,86,96,NTI,77,68,81,85,78,NTI,96,79,88,78,100,82,97,77
Rebecca Jackson,58,70,65,70,65,53,59,50,62,72,63,55,58,67,62,NTI,56,67,74
Renee Kirk,72,82,EXC,89,73,NTI,76,82,78,80,EXC,85,63,89,76,72,79,76,63
Rachel Kennedy,94,100,76,EXC,90,89,95,95,88,90,73,98,85,92,69,90,93,90,80
Angelica Hale,69,87,70,96,85,66,73,88,88,94,60,70,78,76,76,78,71,68,81
Jill Kim,80,82,82,75,76,85,69,83,81,83,72,82,88,94,87,81,89,81,NTI
Todd Rodriguez,75,85,64,88,91,76,86,75,78,97,78,76,85,78,85,91,78,85,76
Jerome Duran,EXC,89,89,EXC,85,NTI,81,94,72,80,NTI,93,89,76,83,86,80,96,82
Brandi Smith,71,83,79,71,96,NTI,73,NTI,73,92,NTI,75,83,83,71,NTI,71,66,76
Richard Rodriguez,90,98,67,68,59,81,62,68,NTI,EXC,56,61,67,65,65,NTI,83,67,91
Megan Anderson,69,90,77,99,NTI,88,78,66,87,75,78,75,81,62,73,EXC,85,84,92
William Lindsey,80,54,73,EXC,73,60,64,NTI,68,NTI,80,NTI,56,75,62,NTI,58,NTI,47
Meagan Cooke,78,56,65,82,64,59,85,78,67,59,67,75,79,64,66,63,52,76,74
Kristen Flores,57,61,50,85,71,61,75,59,62,60,50,63,79,84,EXC,68,76,NTI,75
Brian Johnson,69,84,NTI,NTI,80,NTI,75,88,85,70,83,73,61,EXC,83,65,77,65,NTI
Dale Jones,82,57,NTI,74,66,82,71,71,60,NTI,NTI,66,51,65,46,82,44,71,62
Angela Bradley,65,90,82,62,63,89,87,NTI,99,75,69,75,65,66,72,76,84,71,69
Rebecca Estrada,69,52,53,76,67,EXC,51,51,49,47,70,65,38,58,62,44,68,57,56
Cindy Kennedy,58,76,59,82,55,NTI,57,54,59,90,53,EXC,60,75,57,44,60,55,NTI
Terry Mcgee,76,81,67,86,67,94,85,95,74,NTI,91,92,84,99,83,89,77,91,EXC
Christopher Krueger,69,60,NTI,77,65,49,NTI,NTI,79,70,63,64,74,76,57,NTI,51,72,64
Brenda Wilson,84,77,84,NTI,85,81,82,79,NTI,75,82,76,93,96,74,80,84,88,97
Veronica Davis,62,91,84,50,74,75,78,61,NTI,77,85,EXC,72,66,79,61,73,NTI,NTI
Nicholas Hill,72,71,70,52,NTI,63,74,75,73,NTI,NTI,72,69,NTI,68,NTI,EXC,68,55
Nicole Meyers,59,78,59,67,69,73,78,81,71,74,64,55,71,92,66,77,78,75,67
Natasha Hunt,66,46,54,49,61,60,67,50,53,40,47,58,56,67,33,61,56,65,NTI
Kimberly Owen,71,52,67,70,77,EXC,78,47,75,84,65,47,61,50,57,EXC,63,66,69
William Yu,78,57,71,72,65,68,76,74,NTI,NTI,74,71,70,79,NTI,79,66,82,90
Dylan Rios,73,80,60,56,63,75,74,78,70,86,84,94,76,84,84,65,EXC,85,92
Robert Daniels,91,84,82,87,97,86,79,90,EXC,94,88,98,79,92,82,59,89,85,85
Bradley Galloway,67,83,79,86,69,80,NTI,93,89,86,77,88,88,EXC,82,78,69,87,73
Jerry Mcbride,54,83,80,98,94,59,76,51,71,81,78,75,80,NTI,73,NTI,78,57,72
Diana Warner,83,91,77,94,97,78,NTI,95,74,77,97,90,85,89,94,80,73,87,97
Troy Solis,NTI,94,86,73,EXC,72,81,87,89,90,82,EXC,78,83,75,83,72,99,83
Erica Harris,88,EXC,87,83,63,82,NTI,79,90,68,80,90,86,94,64,98,88,82,76
Heather Blair,EXC,51,38,68,62,55,59,54,49,55,60,61,31,60,51,65,63,63,57
Jennifer Neal,72,74,96,97,95,75,99,100,70,91,91,68,79,72,EXC,71,EXC,92,83
Sheri Phillips,80,64,85,92,84,97,NTI,84,92,69,71,91,92,75,70,80,84,86,80
Leslie Osborn,73,71,73,NTI,NTI,67,74,74,70,76,60,77,67,79,59,49,EXC,62,59
Brad Nguyen,77,95,89,80,91,80,75,67,85,85,92,83,86,77,69,94,82,95,91
Ashley Bowers,78,64,EXC,70,71,NTI,59,84,87,EXC,NTI,83,63,NTI,65,NTI,63,68,59
Danielle Wilson,94,92,86,72,92,77,88,95,81,90,93,91,98,87,89,96,80,89,94
Raymond Orozco,84,99,90,94,NTI,99,100,77,89,EXC,88,EXC,94,78,83,88,NTI,92,NTI
Christopher Briggs,76,EXC,63,74,71,64,58,70,69,81,60,86,75,61,60,60,47,63,73
Daniel James,38,32,NTI,52,61,45,51,59,57,72,75,37,32,NTI,55,58,40,NTI,28
Jon Ford,75,61,87,55,72,70,68,63,58,44,62,58,48,EXC,57,49,71,63,78
Laura Cummings,EXC,43,63,61,59,71,62,EXC,72,NTI,56,53,50,51,63,73,84,65,71
Misty Gamble,EXC,66,72,78,62,68,EXC,80,75,79,57,66,77,70,76,NTI,51,69,74
Regina Mckinney,76,88,87,95,94,96,85,90,EXC,89,96,NTI,81,96,EXC,90,96,93,99
Maria Ramos,86,75,87,78,64,EXC,78,80,EXC,66,86,85,EXC,83,79,77,55,90,81
Robert Mitchell,62,58,NTI,47,NTI,60,55,64,74,50,53,61,58,51,58,55,58,60,60
Jeremy Mahoney,86,82,93,92,98,77,67,85,EXC,91,99,84,97,79,95,NTI,96,86,75
Michael West,76,66,63,75,79,75,67,92,78,69,72,78,80,EXC,86,74,74,68,73
Rachel Hamilton,92,61,61,74,59,73,NTI,51,65,67,71,72,72,NTI,66,NTI,76,77,NTI
Robert Carter,59,69,63,61,67,81,NTI,84,84,59,59,80,79,64,70,72,67,75,NTI
Charles Young,66,63,75,62,83,84,73,66,65,73,70,73,82,72,48,96,EXC,67,83
Jacqueline Mills,85,97,66,81,85,78,87,71,EXC,67,87,85,84,EXC,86,91,88,83,79
Brandon Hughes,74,56,83,75,74,75,66,52,69,79,82,86,58,52,65,71,72,66,76
David Johnson,66,53,64,53,69,58,59,49,54,58,EXC,60,51,64,45,49,50,64,53
Regina Kennedy,67,73,75,76,69,66,89,57,76,62,76,62,63,64,80,79,63,60,60
Monica Hernandez,52,69,60,68,69,48,63,75,75,55,44,65,EXC,60,51,63,53,55,EXC
Darius Crawford,90,85,87,94,NTI,67,81,91,86,93,82,EXC,94,81,EXC,94,EXC,99,77
Mikayla Holloway,NTI,68,80,89,NTI,82,69,70,67,53,76,77,66,80,76,76,88,87,74
Erik York,78,68,70,74,66,59,EXC,59,64,EXC,69,57,NTI,60,70,81,71,68,66
Danielle Lee,NTI,EXC,NTI,86,90,79,77,74,80,96,NTI,NTI,91,NTI,87,72,83,NTI,NTI
Kim Bell,65,51,59,65,64,59,71,61,72,51,50,70,56,45,60,56,79,55,EXC
Nancy Hernandez,81,88,74,91,NTI,70,59,79,NTI,EXC,NTI,90,97,96,95,82,NTI,80,77
Kim Davis,70,70,71,67,70,55,60,64,46,85,NTI,50,63,69,64,61,EXC,59,73
Robert James,57,67,87,49,58,79,81,83,84,76,68,59,70,79,75,NTI,72,75,71
Brian Benitez,55,58,EXC,54,40,NTI,52,44,59,30,53,39,71,57,65,66,59,63,64
Keith Edwards,58,59,58,51,EXC,60,60,67,EXC,80,42,64,59,49,EXC,59,53,55,65
Kimberly Carroll,62,55,69,64,59,NTI,67,77,45,75,55,70,79,78,89,69,74,EXC,56
Steve Clark,77,65,51,58,75,53,77,80,74,68,83,EXC,69,NTI,NTI,EXC,57,EXC,68
Penny Rodriguez,86,68,83,84,95,98,84,85,91,94,92,78,87,EXC,77,87,91,82,75
Eric Cooper,48,46,56,38,65,77,40,69,44,48,37,48,40,66,48,NTI,48,50,55
Adrian Gordon,82,67,64,74,80,58,71,69,64,70,EXC,NTI,79,80,77,71,76,75,62
Aaron Russell,88,86,74,100,97,76,88,82,95,71,EXC,75,72,98,72,82,65,80,EXC
Brian Barnes,84,63,65,NTI,71,72,75,76,90,79,90,NTI,65,82,66,68,67,79,NTI
Jennifer Oconnell,85,83,95,73,86,89,94,85,NTI,64,86,70,60,77,NTI,80,NTI,70,68
Matthew Smith,93,98,93,91,100,83,82,96,87,NTI,NTI,EXC,91,77,93,91,87,94,91
Miguel Hunt,61,73,61,56,54,60,61,57,70,62,66,64,55,EXC,72,34,71,EXC,58
Brooke Mejia,NTI,EXC,75,67,59,NTI,52,66,EXC,39,60,60,60,52,62,69,67,74,70
Thomas Small,76,63,91,66,73,72,EXC,91,78,82,69,88,76,75,79,89,86,67,70
Antonio Blanchard,89,77,85,77,EXC,70,EXC,74,68,78,69,89,74,84,81,97,68,85,94
Courtney Johnson,74,80,79,58,71,78,71,NTI,82,64,62,77,72,78,64,64,66,85,78
April Thomas,76,64,67,89,59,78,61,NTI,83,50,72,54,66,51,70,54,60,NTI,67
Linda Waters,68,78,89,56,61,67,NTI,77,NTI,76,EXC,60,64,78,58,58,61,49,71
Justin Case,84,86,85,81,79,83,74,82,90,78,68,60,78,72,NTI,83,71,84,70
Vincent Davis,68,NTI,76,88,NTI,EXC,83,59,74,58,84,80,88,92,82,75,79,73,68
Andrew Cox,NTI,71,NTI,55,NTI,67,52,64,57,NTI,47,53,65,40,73,72,68,51,77
Kimberly Barnes,76,96,85,60,84,92,84,79,89,95,84,55,86,94,79,NTI,98,83,75
Lynn Stevens,86,74,85,68,67,82,54,75,79,NTI,88,81,62,76,78,84,81,81,84
Cynthia Wright,84,75,74,92,69,89,75,68,65,77,74,69,75,68,73,69,64,79,76
Kristi Hill,88,89,67,69,98,81,95,90,93,95,96,99,84,90,71,91,80,79,79
Alexandra Harrell,54,73,EXC,54,66,58,88,73,45,69,65,66,47,77,56,65,68,67,73
Katelyn Rogers,78,88,80,68,79,53,74,80,82,74,70,77,78,69,60,85,EXC,73,72
Lisa Haynes,NTI,68,87,78,63,89,79,62,81,EXC,83,82,NTI,72,79,92,84,94,EXC
Meagan Cordova,74,NTI,51,59,94,67,EXC,65,95,EXC,65,76,70,77,78,77,76,91,81
Richard Schmidt,88,75,84,83,100,84,83,87,76,94,90,EXC,NTI,91,76,93,85,64,86
Daniel Pugh,70,81,94,72,89,84,85,75,71,83,75,89,97,86,75,100,74,92,79
Maria Reynolds,69,67,82,70,66,75,57,78,NTI,68,57,69,NTI,70,74,74,92,82,75
Samantha Leach,78,75,NTI,80,NTI,98,78,87,85,NTI,72,94,93,73,89,89,EXC,85,NTI
Alexis Thomas,86,87,95,66,82,85,90,83,83,77,98,73,77,84,75,75,71,66,NTI
Jeanette David,EXC,NTI,69,82,54,81,72,58,61,73,75,69,75,69,76,71,47,62,77
Mary Martinez,87,98,86,83,85,87,86,83,80,94,63,85,76,77,91,84,90,93,89
Angela Arnold,84,80,97,88,78,76,82,75,76,82,79,61,81,68,72,85,EXC,74,76
Gina Carter,74,82,82,55,64,57,76,NTI,NTI,70,78,EXC,92,73,56,EXC,NTI,65,NTI
