Name,HW1,HW2,HW3,HW4,HW5,HW6,HW7,HW8,HW9,HW10,Project1,Project2,Quiz1,Quiz2,Quiz3,Quiz4,Test1,Test2,Final1
Laura Hawkins,EXC,84,85,93,83,70,68,88,NTI,77,82,70,72,74,72,99,68,EXC,90
Andrew Griffin,90,82,79,EXC,61,74,65,NTI,EXC,88,NTI,EXC,98,69,91,71,NTI,68,85
Daniel Gill,73,EXC,NTI,64,82,76,84,75,71,98,NTI,82,66,69,69,71,EXC,NTI,65
Angela Vasquez,48,39,39,56,64,58,51,66,58,39,60,58,57,63,52,34,47,43,51
Austin Morgan,81,79,80,90,95,82,89,87,88,NTI,93,68,86,90,80,82,60,NTI,86
Christine Rodriguez,100,76,NTI,84,79,81,78,75,NTI,68,NTI,EXC,71,95,71,90,75,96,84
Katie Johnson,EXC,94,98,71,83,97,93,99,88,95,85,85,100,97,86,97,NTI,95,84
Christopher Thompson,96,92,EXC,59,73,92,78,74,78,87,72,83,74,85,80,90,77,70,79
Danielle Goodman,59,72,83,47,NTI,52,72,NTI,79,NTI,NTI,70,62,80,59,68,70,NTI,77
Pamela Matthews,78,EXC,71,62,62,57,63,69,55,NTI,65,76,66,EXC,81,87,73,67,77
Connie Jones,60,73,65,72,66,59,92,79,71,74,82,77,71,81,89,77,68,NTI,65
Diamond Miller,71,72,77,71,46,56,73,80,66,57,59,NTI,74,74,EXC,71,77,58,EXC
Jennifer Johnson,EXC,71,72,65,85,69,93,68,69,85,81,55,63,72,74,67,56,78,EXC
Jason Cunningham,NTI,77,83,64,EXC,74,68,67,76,69,83,81,76,85,77,91,NTI,90,87
Christopher Bray,76,84,89,65,74,73,75,73,73,72,76,EXC,74,56,62,82,66,75,86
Sandra Graham,64,94,65,85,77,56,79,81,84,84,70,87,62,93,75,73,75,85,71
Michael Long,65,87,62,EXC,EXC,81,86,87,92,69,81,49,63,80,73,93,88,NTI,72
Brandi Lawrence,77,88,100,94,NTI,85,87,67,89,93,80,98,80,92,94,86,77,81,86
Joshua Cruz,65,EXC,76,66,77,71,55,73,58,74,82,79,91,78,67,69,79,54,88
Gary Campbell,74,84,86,71,66,77,61,78,70,71,71,83,95,67,89,74,78,79,84
Melinda Williamson,81,87,84,93,67,EXC,91,92,99,95,83,EXC,88,94,90,100,87,100,99
Lisa Davis,88,96,90,NTI,EXC,87,NTI,NTI,NTI,98,92,80,NTI,92,94,99,98,74,82
Sarah Hill,71,80,67,74,87,75,84,76,73,75,71,86,NTI,100,NTI,86,81,86,98
Grant Sanchez,64,63,64,NTI,67,84,72,71,75,NTI,78,61,76,74,NTI,99,90,85,83
Yvette Newton,50,NTI,66,77,52,70,EXC,72,NTI,62,51,55,64,70,64,70,68,94,60
Bridget Aguilar,75,52,73,64,EXC,39,67,70,62,71,55,62,68,58,EXC,50,39,63,69
Cheryl Marshall,78,76,89,71,88,87,EXC,72,87,67,63,EXC,67,73,100,77,75,96,69
Joshua Sweeney,60,64,53,57,74,EXC,74,74,76,76,67,85,76,73,76,61,60,70,67
Kathleen Brooks,70,85,73,72,64,58,NTI,EXC,64,82,65,72,65,74,62,76,NTI,NTI,74
Dale Jones,77,86,94,NTI,92,NTI,87,92,87,87,NTI,86,80,82,65,96,81,74,EXC
Brenda Love,64,78,79,83,76,57,88,93,72,88,83,76,74,83,79,75,71,NTI,76
Michael Blackburn,73,NTI,78,80,70,96,98,83,81,82,NTI,NTI,79,NTI,NTI,85,76,87,78
Patrick Stark,67,75,64,57,66,68,64,60,62,68,71,56,48,65,NTI,58,59,65,92
Nicholas Hill,85,86,89,82,78,94,82,68,91,EXC,71,EXC,89,84,76,NTI,69,82,93
Martha Lewis,73,67,61,59,62,72,74,EXC,74,64,NTI,72,69,84,68,72,63,73,78
Kimberly Owen,76,86,NTI,73,76,83,75,83,68,78,58,74,67,EXC,74,NTI,89,NTI,84
William Yu,81,79,97,82,86,69,85,67,NTI,85,82,74,89,EXC,58,79,91,83,75
Kevin Simmons,64,85,70,69,62,82,94,74,81,73,85,86,90,81,71,NTI,71,93,88
Charles Morales,72,59,85,67,NTI,77,NTI,67,64,80,70,53,EXC,71,90,68,76,82,88
Katherine Salazar,63,76,69,90,81,EXC,70,NTI,65,90,92,92,EXC,80,76,NTI,56,77,NTI
Abigail Weber,79,69,74,63,78,59,68,76,71,NTI,68,79,78,66,70,64,88,74,55
Robert Daniels,88,NTI,71,63,83,86,79,78,85,80,91,69,76,68,68,67,77,67,73
Jeff Rojas,NTI,EXC,NTI,76,48,72,EXC,46,63,34,56,63,66,NTI,55,NTI,61,EXC,52
Jerry Mcbride,67,64,77,65,58,77,52,47,71,45,75,77,63,70,66,85,75,63,88
Kara Cooley,98,83,69,87,62,82,EXC,51,82,66,86,59,66,74,75,70,72,77,69
Caitlyn Romero,68,63,NTI,74,79,67,68,73,47,66,62,EXC,66,76,70,78,69,EXC,73
Sheri Phillips,73,82,94,76,64,87,67,98,86,72,EXC,NTI,NTI,EXC,76,89,72,83,73
Charlotte Caldwell,76,NTI,83,68,76,89,95,74,81,74,59,84,79,81,88,86,71,68,93
Ian Graham,71,96,EXC,72,79,69,87,68,73,87,68,88,NTI,75,92,86,67,93,96
Gloria Ward,79,75,79,76,94,87,89,EXC,NTI,83,84,99,64,85,90,87,82,83,71
William Taylor,95,79,100,61,59,NTI,88,92,NTI,74,91,69,72,79,89,82,75,91,NTI
Francisco Miller,99,89,90,99,91,94,85,91,NTI,92,NTI,98,82,82,86,97,96,97,90
Angel Smith,76,43,NTI,60,50,53,EXC,74,63,71,69,EXC,64,75,72,84,NTI,NTI,92
Joseph Jensen,76,79,81,86,90,EXC,75,85,69,NTI,87,83,83,74,89,81,NTI,73,NTI
Danielle Wilson,65,62,71,62,61,67,77,65,43,58,74,NTI,64,54,63,75,63,44,NTI
Raymond Orozco,EXC,NTI,NTI,48,83,63,NTI,EXC,53,59,75,NTI,62,NTI,61,64,64,58,79
Tiffany Huff,62,48,68,59,70,85,73,67,72,67,68,93,64,56,66,77,71,59,65
Daniel James,61,81,82,EXC,76,77,76,69,76,89,75,78,70,63,EXC,77,76,79,72
Susan Wilcox,58,65,50,NTI,58,58,53,45,60,59,51,69,64,59,58,72,72,66,46
Laura Cummings,52,39,61,45,81,72,60,58,74,73,52,72,55,48,80,68,64,82,52
Misty Gamble,91,83,98,77,93,98,83,90,93,86,85,92,99,94,73,NTI,76,90,91
Vanessa Shields,83,NTI,79,71,57,52,79,NTI,73,77,59,NTI,84,63,84,87,80,93,85
Jason Tucker,81,100,84,91,89,87,72,84,94,67,88,73,91,86,NTI,89,EXC,NTI,99
Timothy Williams,78,89,87,93,93,NTI,89,100,92,92,80,100,NTI,99,93,94,90,99,98
Kaitlyn Delgado,80,EXC,80,77,EXC,82,86,74,92,87,54,NTI,71,75,87,86,70,75,75
Christopher Campbell,88,96,86,76,97,98,74,88,95,96,86,95,NTI,97,79,80,84,EXC,96
David Miller,82,70,68,EXC,EXC,92,69,90,82,99,EXC,62,NTI,67,74,73,76,60,64
John Mckenzie,81,85,75,82,75,67,88,78,72,84,EXC,54,NTI,81,79,69,79,EXC,NTI
Charles Young,65,54,68,77,61,69,69,63,95,62,61,80,59,64,66,74,68,63,65
Diane Montgomery,NTI,62,61,57,68,43,48,NTI,40,46,65,58,NTI,75,55,80,68,74,69
Christopher Peterson,71,NTI,77,70,80,73,82,75,82,82,80,63,91,74,65,77,88,EXC,91
Adam Diaz,EXC,84,71,66,65,67,70,86,61,79,78,78,69,76,78,56,72,62,80
Joshua Long,59,38,EXC,51,60,59,37,61,56,37,NTI,33,56,58,60,49,65,40,47
Jaime Moses,72,80,92,86,84,95,64,76,73,90,82,NTI,79,95,77,EXC,66,85,75
Danielle Lee,84,NTI,EXC,NTI,91,75,81,82,90,96,90,89,81,98,82,74,98,88,78
Nancy Hernandez,81,67,77,48,NTI,89,65,69,57,94,78,87,82,EXC,NTI,92,83,84,EXC
Kim Davis,NTI,48,63,48,73,58,69,70,74,79,69,49,55,NTI,81,45,52,89,58
Taylor Booth,55,NTI,82,59,68,72,96,69,74,66,78,88,91,68,57,65,81,NTI,68
Jason Cummings,78,89,85,70,87,93,92,85,75,80,78,81,83,67,83,70,76,74,96
Keith Edwards,75,EXC,83,47,68,86,80,NTI,EXC,81,68,34,82,92,70,76,77,57,74
Adrienne Dennis,80,73,85,75,71,EXC,66,78,65,61,81,86,79,52,50,75,88,82,EXC
Adrian Gordon,84,93,100,91,EXC,93,88,87,98,75,94,79,91,EXC,83,91,91,97,88
Stephen Arroyo,62,EXC,46,53,59,51,39,54,57,64,74,65,28,NTI,51,63,47,57,53
Daniel Taylor,86,76,90,80,64,75,76,79,92,65,EXC,NTI,93,73,69,79,80,62,71
Barbara Gordon,68,72,77,68,71,49,EXC,71,66,EXC,56,47,NTI,59,NTI,58,66,49,67
Joshua Clark,72,69,60,74,83,75,62,61,80,75,NTI,78,63,85,61,NTI,73,77,69
Roger Henderson,97,88,76,EXC,94,90,75,EXC,84,84,88,79,74,76,97,82,79,94,76
Stefanie Thompson,56,62,59,78,65,61,62,EXC,46,55,68,71,78,63,64,68,52,52,72
Antonio Blanchard,68,81,97,78,85,80,100,67,84,99,83,NTI,84,91,89,88,68,EXC,86
Julie Maldonado,74,77,EXC,72,66,86,NTI,82,83,64,98,70,NTI,EXC,77,85,64,75,75
Brittany Barr,84,93,84,89,81,NTI,87,80,71,88,100,94,81,NTI,91,79,EXC,65,91
Carol Holmes,65,63,60,51,74,63,48,86,61,56,74,62,54,57,NTI,62,74,EXC,66
Lisa Colon,83,63,NTI,82,55,70,75,64,EXC,68,53,84,58,NTI,67,EXC,83,60,75
Paul Peterson,59,53,65,68,64,85,56,69,85,71,70,75,64,73,79,53,66,69,63
Alexandra Cobb,79,81,88,83,74,EXC,84,NTI,NTI,77,NTI,97,71,80,81,86,81,NTI,100
Desiree Smith,66,75,48,48,NTI,75,58,62,55,NTI,64,EXC,59,52,50,45,61,54,57
Katelyn Rogers,74,77,58,NTI,80,82,75,57,78,82,82,71,63,85,73,84,72,62,80
Sabrina Barnett,71,72,68,77,73,71,75,92,85,68,64,95,68,NTI,74,74,85,68,82
Meagan Cordova,EXC,89,76,97,57,70,68,88,81,NTI,72,82,83,84,65,87,86,EXC,83
Daniel Pugh,78,64,79,EXC,83,NTI,60,71,67,75,74,94,EXC,87,NTI,82,99,EXC,69
Lynn Jackson,97,EXC,81,87,79,77,78,75,79,78,73,69,73,71,85,EXC,82,84,99
Dylan George,61,78,97,78,EXC,EXC,81,81,99,EXC,88,70,67,71,64,75,64,82,91
Catherine Wallace,68,86,65,63,76,82,83,67,100,81,52,63,78,59,72,80,65,67,71
Michael Lee,89,83,NTI,91,78,NTI,70,73,62,85,NTI,71,NTI,65,NTI,78,NTI,76,69
Richard Johnson,71,76,65,60,68,74,61,63,74,74,69,71,94,78,78,77,80,52,63
Alexis Thomas,57,80,72,86,69,59,69,EXC,81,87,72,73,65,72,61,82,91,66,61
Emily Murphy,58,73,63,74,78,74,80,72,64,66,65,62,80,53,71,EXC,95,60,64
Dawn Weeks,64,66,NTI,64,67,NTI,49,NTI,72,59,70,70,77,64,73,61,75,67,NTI
Angela Arnold,75,58,83,68,76,55,82,55,79,60,71,75,58,68,73,73,68,74,70
Gina Carter,99,83,88,71,EXC,72,76,87,85,95,68,95,88,EXC,76,64,NTI,73,84
Angela Smith,84,86,89,92,92,89,94,66,73,65,NTI,90,92,EXC,72,79,75,77,78
