Name,HW1,HW2,HW3,HW4,HW5,HW6,HW7,HW8,HW9,HW10,Project1,Project2,Quiz1,Quiz2,Quiz3,Quiz4,Test1,Test2,Final1
Jennifer Singleton,NTI,NTI,66,68,NTI,69,NTI,59,78,68,NTI,63,59,75,NTI,69,67,NTI,NTI
Richard Anderson,52,77,68,NTI,EXC,55,56,83,61,EXC,74,63,55,66,58,62,41,72,51
John Bray,85,81,89,85,96,94,100,79,77,85,70,83,88,EXC,91,91,86,91,90
Marcus Pitts,74,92,NTI,68,72,77,72,74,75,63,95,76,80,67,NTI,NTI,79,99,NTI
Ronald Miller,EXC,69,71,85,75,83,64,70,NTI,64,60,70,55,NTI,80,66,75,55,75
Stephanie Valentine,EXC,73,NTI,80,73,72,88,EXC,86,82,74,64,EXC,86,99,76,76,75,81
Lawrence James,95,88,85,87,97,95,86,88,NTI,90,88,88,88,96,82,96,99,98,83
Alexandra Lynch,48,70,68,56,75,73,79,NTI,58,88,NTI,66,88,NTI,79,71,79,76,74
Denise Smith,79,83,80,53,57,92,83,89,98,60,71,EXC,90,76,66,63,67,62,86
Matthew Rice,84,60,76,EXC,81,78,81,56,61,64,66,85,73,79,73,59,56,60,69
Melissa Chapman,88,72,61,63,66,59,52,EXC,71,70,71,72,79,73,67,53,69,54,66
Mia Edwards,84,72,71,EXC,96,79,89,73,66,98,81,78,75,82,76,EXC,63,EXC,70
Keith Ortega,93,71,77,77,86,85,72,91,90,75,86,EXC,EXC,88,76,73,70,63,72
Gloria Smith,NTI,52,70,79,73,61,68,68,76,64,74,56,83,EXC,58,NTI,74,80,73
Stephanie Higgins,80,67,85,95,94,59,78,95,77,71,77,96,90,89,EXC,67,EXC,86,91
Megan Davis,84,61,53,77,58,68,NTI,NTI,56,67,87,85,61,80,59,71,66,60,56
Brandi Lawrence,83,NTI,83,86,79,71,EXC,85,72,61,75,88,81,71,89,78,EXC,72,92
Lisa Callahan,EXC,87,86,81,77,89,91,79,86,97,90,89,90,78,83,98,79,89,EXC
Jordan Perez,60,69,NTI,79,92,84,NTI,67,74,81,76,75,70,59,85,80,83,97,75
Gary Campbell,96,86,95,84,77,78,EXC,96,NTI,97,80,96,98,90,NTI,91,87,88,88
Jennifer Nichols,81,EXC,82,74,EXC,95,91,69,84,69,64,92,70,61,60,70,79,80,66
Joanne Wilson,71,56,61,60,85,67,NTI,45,80,44,73,69,50,48,61,NTI,61,71,79
Michael Schultz,85,96,87,83,EXC,93,76,89,94,80,83,EXC,64,82,93,70,90,96,94
Rebecca Jackson,78,88,78,76,56,72,77,73,85,58,82,80,81,68,82,74,75,62,68
Eileen Jacobs,76,76,78,73,73,79,63,74,NTI,66,NTI,84,66,68,65,79,68,67,74
Christine Barnes,89,78,71,70,82,77,61,72,95,74,NTI,89,EXC,90,57,93,88,NTI,76
Rachel Kennedy,90,86,79,96,78,77,96,73,100,79,93,92,92,66,EXC,76,81,100,95
Samuel Navarro,81,61,70,84,NTI,90,83,EXC,70,90,72,58,72,58,77,79,75,68,77
Lisa Davis,97,92,EXC,84,89,90,89,82,98,96,96,96,85,94,88,EXC,83,91,90
Todd Rodriguez,73,79,63,70,77,85,78,67,89,75,EXC,96,85,79,75,79,77,86,71
Brandi Smith,72,89,92,74,79,85,89,86,84,94,95,NTI,85,68,73,NTI,81,74,79
Grant Sanchez,96,100,86,85,NTI,84,94,90,84,95,91,100,NTI,91,97,EXC,82,92,63
Craig Hodge,75,73,64,59,64,52,65,59,55,EXC,84,62,37,84,77,61,79,84,48
Raymond Davis,77,70,78,82,67,NTI,62,61,65,64,60,77,69,72,94,62,63,72,67
Kathleen Brooks,68,81,88,EXC,71,83,71,64,69,65,62,72,NTI,87,65,77,79,82,61
Nathan Tyler,54,92,51,75,78,55,62,76,75,74,61,71,79,66,71,64,59,77,53
Terry Mcgee,54,NTI,66,69,61,47,56,66,NTI,61,73,74,53,53,53,50,50,50,45
Angela Wyatt,56,73,64,61,61,70,47,59,66,68,59,64,57,61,73,72,55,EXC,35
Veronica Davis,75,75,79,EXC,85,87,67,62,81,75,70,79,67,79,EXC,97,64,80,67
Jennifer Gay,78,NTI,93,83,71,80,63,56,61,71,67,88,62,77,79,72,55,72,NTI
Kimberly Owen,76,99,73,NTI,68,90,74,89,79,83,NTI,EXC,91,71,78,76,NTI,80,92
Luis Cook,NTI,70,97,89,NTI,NTI,94,81,EXC,85,83,97,68,76,86,EXC,93,86,55
Natalie Bush,88,85,92,89,90,97,NTI,72,99,82,81,90,99,76,91,EXC,93,100,93
Samantha Cervantes,65,100,EXC,84,78,78,99,81,87,EXC,84,84,74,76,EXC,86,81,82,88
Luis Robbins,46,NTI,55,NTI,76,54,NTI,54,64,39,58,60,EXC,61,71,54,65,NTI,NTI
Troy Solis,86,93,79,96,81,72,94,82,79,EXC,98,99,95,96,84,63,82,88,100
Erica Harris,67,70,59,71,91,69,EXC,69,75,73,75,NTI,82,74,83,73,EXC,75,EXC
Heather Blair,68,NTI,54,41,54,NTI,EXC,55,53,67,61,88,67,74,NTI,70,43,79,77
Jennifer Neal,74,75,68,78,80,71,60,NTI,81,NTI,46,76,50,49,88,EXC,91,82,EXC
Charlotte Caldwell,70,86,70,71,77,73,69,60,80,EXC,67,56,60,83,90,74,75,72,57
Leslie Osborn,61,67,56,74,66,74,69,57,65,82,66,EXC,74,64,56,NTI,81,56,70
Timothy Griffith,85,89,69,92,77,72,87,74,NTI,NTI,76,61,68,81,86,65,81,69,91
Mary Gomez,68,64,63,74,76,67,61,55,66,55,51,EXC,56,75,84,73,57,87,77
Mary Chapman,EXC,57,93,66,88,65,77,98,79,81,82,87,79,NTI,83,EXC,88,74,83
Kelsey Watkins,53,76,41,69,55,57,71,65,49,59,74,52,61,EXC,79,68,52,67,57
Francisco Miller,63,71,68,NTI,67,77,81,81,68,EXC,70,71,84,NTI,95,83,87,83,58
Dustin Santiago,EXC,NTI,71,87,81,58,94,99,80,93,93,95,76,68,94,98,81,77,89
Christopher Briggs,EXC,84,58,EXC,62,77,84,74,EXC,65,69,63,EXC,NTI,66,63,73,91,55
Tiffany Huff,76,66,71,NTI,74,81,62,EXC,76,70,71,87,93,83,79,99,83,80,78
Brian Garcia,97,84,80,NTI,NTI,83,EXC,83,96,NTI,89,88,84,86,EXC,93,84,97,90
James Bernard,EXC,59,70,45,EXC,63,45,81,65,89,50,66,68,61,48,63,70,48,41
Laura Cummings,65,72,NTI,NTI,94,62,68,83,72,78,74,73,65,70,EXC,69,72,67,71
Regina Mckinney,88,89,92,96,86,89,98,98,91,93,98,94,99,100,95,89,97,89,99
Maria Ramos,76,59,57,49,70,73,53,79,68,85,63,83,87,NTI,72,68,62,62,66
Christopher Ford,87,100,81,96,93,70,72,77,80,87,94,99,82,77,85,82,97,85,83
Adrian Mullins,67,97,NTI,100,88,88,90,NTI,81,100,78,EXC,86,NTI,71,80,72,NTI,86
Michael Bowman,73,63,80,80,79,76,77,79,76,NTI,71,91,70,69,69,66,89,72,65
Tiffany Schmidt,71,77,77,99,99,73,80,87,85,EXC,87,70,74,91,NTI,89,93,66,96
Calvin Aguilar,86,70,81,71,68,68,63,85,72,100,NTI,75,88,81,78,83,89,61,77
Sophia Davis,67,45,74,75,79,89,68,69,87,67,53,70,71,NTI,52,93,58,80,73
John Mckenzie,83,72,65,73,76,71,68,80,71,67,77,75,87,NTI,73,80,60,85,86
Barbara Morgan,74,90,93,80,EXC,78,80,77,86,76,91,96,77,88,84,94,85,74,66
Charles Young,66,68,59,65,71,57,60,71,61,61,87,59,68,61,78,71,77,75,63
Elizabeth Flowers,74,72,EXC,90,89,78,72,75,NTI,89,91,67,86,56,89,NTI,69,62,67
Christina Day,97,81,77,80,95,57,95,79,82,EXC,90,72,73,84,74,EXC,87,74,79
Anna Davis,70,EXC,58,60,75,56,60,65,65,55,83,80,51,82,59,48,64,64,70
Daniel Acosta,69,83,79,94,82,87,NTI,73,83,78,82,73,88,79,69,NTI,73,85,77
Michael Marshall,62,76,64,77,75,83,53,79,78,NTI,72,NTI,68,68,87,NTI,58,65,61
Michael Cherry,83,87,83,90,79,87,NTI,89,88,77,85,76,74,NTI,78,NTI,81,95,89
Derek Foley,EXC,86,NTI,NTI,78,61,80,78,75,72,97,72,96,NTI,82,80,66,78,81
Shannon Adams,76,80,EXC,62,70,54,64,64,67,NTI,72,51,EXC,EXC,70,63,83,54,66
Sandra Martinez,86,75,69,74,75,62,67,60,72,62,82,70,64,69,75,56,59,73,59
Amanda Taylor,NTI,77,86,90,84,85,72,87,89,81,73,88,85,91,98,92,92,79,91
Andrew Charles,75,74,88,88,85,90,89,71,97,84,87,77,70,76,89,73,85,92,72
Daniel Taylor,39,61,59,68,84,42,46,74,EXC,61,64,NTI,27,44,61,63,77,NTI,EXC
Stefanie Thompson,75,55,86,70,69,44,68,68,65,67,NTI,57,79,68,79,60,64,69,73
Brooke Mejia,83,52,46,56,57,69,50,54,54,41,EXC,45,60,46,56,61,56,53,70
Julie Maldonado,72,72,NTI,79,54,81,67,NTI,65,EXC,64,NTI,65,73,89,85,66,81,78
Courtney Johnson,73,86,82,81,55,90,98,54,80,EXC,73,80,77,74,71,85,88,75,EXC
Jennifer Wilcox,57,79,63,58,NTI,67,69,55,81,73,66,86,76,58,53,57,71,68,48
Dawn Love,55,61,65,43,49,75,56,73,67,65,68,82,53,NTI,56,63,67,66,75
Vincent Davis,70,78,80,84,75,72,87,76,74,82,75,84,77,66,70,71,88,89,NTI
Michael Spencer,83,77,67,84,64,61,50,71,72,79,84,68,90,74,84,72,NTI,70,98
Matthew Rodriguez,74,71,74,71,70,EXC,62,72,86,66,64,80,65,86,78,63,89,EXC,63
Desiree Smith,59,51,55,66,64,72,NTI,56,NTI,79,EXC,79,82,62,82,54,67,56,50
Katie Owens,98,81,94,62,83,93,83,81,72,87,82,85,91,EXC,NTI,80,74,72,NTI
Cynthia Wright,85,57,98,81,84,90,EXC,77,NTI,76,64,73,84,EXC,83,75,NTI,91,83
Kristi Hill,80,67,82,41,77,56,NTI,70,66,66,69,58,58,65,56,75,65,73,NTI
Alexandra Harrell,94,NTI,89,100,76,94,81,86,86,91,99,81,90,92,97,94,98,93,98
Jessica Lopez,79,76,84,78,83,NTI,77,95,74,67,73,71,90,81,72,73,69,70,74
Katelyn Rogers,EXC,76,40,67,EXC,63,62,69,65,70,67,65,58,80,75,59,67,77,58
Michael Lee,60,70,71,68,72,82,EXC,70,81,65,80,72,NTI,63,80,74,NTI,54,72
Emily Murphy,67,68,NTI,56,63,66,NTI,NTI,77,70,84,82,73,66,75,79,69,77,72
Angela Arnold,59,EXC,81,55,NTI,72,72,68,71,68,57,77,64,72,92,NTI,63,EXC,70
Timothy Castillo,64,62,63,66,NTI,73,NTI,56,75,75,76,NTI,EXC,EXC,74,EXC,71,54,65
