Name,HW1,HW2,HW3,HW4,HW5,HW6,HW7,HW8,HW9,HW10,Project1,Project2,Quiz1,Quiz2,Quiz3,Quiz4,Test1,Test2,Final1
Laura Hawkins,81,96,NTI,87,91,97,83,70,71,72,75,77,87,82,84,76,81,88,75
Tyler Perry,59,NTI,83,62,70,76,80,78,72,65,87,EXC,76,80,67,80,81,65,83
Emily Fields,88,90,87,NTI,94,88,93,87,89,NTI,97,94,100,96,NTI,81,EXC,84,91
Mckenzie Phillips,66,73,87,62,64,75,69,64,47,77,69,68,87,65,72,74,70,82,87
Jennifer Singleton,69,78,49,86,70,66,55,74,57,72,59,80,66,67,64,85,76,84,NTI
Maria Miller,90,77,78,77,95,95,91,91,92,88,74,80,85,88,93,86,98,88,94
Andrew Griffin,66,45,NTI,38,58,48,75,63,68,63,68,47,48,NTI,78,54,63,59,62
Richard Anderson,61,63,59,44,67,55,67,65,52,52,60,65,63,39,58,73,66,51,33
Rebecca Espinoza,NTI,83,93,94,EXC,90,78,77,79,72,85,82,77,72,68,92,82,79,75
Deborah Ross,53,42,97,87,65,75,77,67,69,69,81,63,NTI,78,73,64,60,73,67
Marcus Pitts,80,87,91,81,100,84,98,75,77,65,96,NTI,59,EXC,81,70,83,75,86
Joshua Davenport,EXC,49,73,63,82,74,96,95,91,85,82,68,EXC,76,98,71,73,91,NTI
Erica Hayes,68,92,93,82,85,94,95,EXC,84,69,78,82,79,82,85,69,76,76,78
Tiffany Jarvis,82,69,89,76,82,NTI,71,83,75,90,67,77,80,81,91,73,100,71,74
Denise Smith,93,80,89,81,92,91,82,73,85,77,91,98,73,81,95,NTI,NTI,EXC,67
Katie Johnson,69,EXC,71,67,EXC,85,72,74,79,79,90,92,85,45,81,90,71,80,75
Christopher Thompson,64,61,53,58,52,62,68,45,85,67,63,46,63,70,87,66,77,59,57
Connie Jones,81,74,77,69,83,80,70,63,81,79,75,85,71,59,80,EXC,67,80,89
Melissa Chapman,75,49,75,87,60,87,66,76,54,73,EXC,56,66,79,EXC,62,75,67,64
Keith Ortega,94,67,88,71,59,68,75,65,NTI,75,80,79,73,66,59,81,EXC,84,76
David Serrano,73,76,66,80,70,63,98,60,70,63,68,48,72,66,65,63,74,49,45
Andrew Francis,88,EXC,98,97,85,74,EXC,79,69,76,80,78,NTI,65,86,NTI,71,81,86
Samantha Reynolds,59,68,NTI,79,73,73,84,68,75,82,69,81,85,NTI,63,54,76,EXC,63
Sean Reed,61,75,76,72,78,EXC,66,77,72,58,64,55,71,83,65,74,59,69,NTI
Steven Friedman,64,78,62,72,65,83,69,NTI,69,71,91,55,84,63,71,78,90,76,NTI
Andrew Mckay,71,72,NTI,91,78,70,EXC,91,NTI,88,77,83,76,73,99,77,74,91,82
Michael Hawkins,60,79,84,73,86,EXC,65,90,NTI,44,70,57,NTI,77,75,68,76,67,71
John Cain,67,78,94,84,71,86,NTI,74,72,NTI,93,61,61,EXC,78,72,76,83,77
Brendan Baker,94,90,95,92,95,93,87,96,92,91,100,99,91,99,86,93,EXC,96,89
Jordan Perez,36,58,49,44,39,47,46,51,26,53,42,45,49,53,43,54,33,46,42
Jessica Bright,65,68,EXC,80,64,58,84,75,82,80,48,65,74,NTI,63,74,NTI,76,52
Crystal Bradshaw,50,67,54,NTI,56,79,74,54,48,53,56,57,58,64,58,56,56,53,64
Richard Tanner,79,76,70,EXC,59,51,60,70,89,NTI,67,NTI,61,54,84,80,71,66,NTI
Amy Miller,73,NTI,79,78,67,63,79,71,89,71,64,55,51,66,83,NTI,63,NTI,77
Kayla Richardson,77,74,73,85,74,64,87,52,73,53,66,62,54,51,60,61,47,58,59
Jennifer Nichols,90,NTI,83,80,100,86,99,85,91,84,98,93,95,91,94,92,87,98,77
Justin Johnson,73,74,97,83,81,71,89,NTI,68,EXC,67,90,77,NTI,78,83,77,86,72
Deborah Martin,NTI,93,NTI,81,84,96,70,77,79,57,NTI,74,NTI,83,EXC,80,NTI,NTI,81
Craig Bennett,NTI,NTI,74,82,67,62,54,76,78,EXC,71,83,65,74,74,EXC,EXC,NTI,77
Melinda Williamson,68,69,NTI,84,82,EXC,81,73,66,67,71,73,89,EXC,81,78,NTI,75,66
James Kelly,66,72,65,83,52,67,NTI,58,83,64,71,80,88,72,74,84,56,EXC,63
Megan Nelson,62,63,NTI,NTI,60,69,70,76,63,NTI,EXC,66,59,71,70,61,71,67,88
Marcus Anderson,65,75,50,58,55,66,63,59,70,65,73,60,75,66,64,74,63,78,66
Eileen Jacobs,74,55,NTI,76,49,65,62,NTI,70,NTI,64,NTI,71,70,48,61,69,80,57
Rachel Kennedy,83,82,78,98,61,NTI,80,92,79,75,91,80,98,68,82,87,84,88,87
Mark Nelson,70,62,66,NTI,69,NTI,72,68,73,59,85,EXC,74,70,NTI,67,NTI,79,75
Angelica Hale,93,89,75,93,100,75,83,90,87,69,91,77,100,90,99,87,91,NTI,85
Samuel Navarro,70,NTI,73,71,63,58,65,EXC,67,65,74,72,83,NTI,72,76,79,68,80
Jerome Duran,63,38,EXC,54,59,59,57,44,35,60,61,51,51,56,78,NTI,60,39,50
Brandi Smith,74,70,70,54,NTI,81,77,72,64,EXC,65,55,77,70,82,41,66,59,53
Grant Sanchez,43,70,48,61,54,63,NTI,EXC,EXC,42,30,58,60,56,55,64,43,64,NTI
Tamara Bradley,98,85,81,87,87,83,84,91,87,81,82,89,93,80,77,73,83,77,96
Yvette Newton,EXC,94,83,EXC,91,76,84,76,86,75,83,87,75,81,69,63,NTI,91,78
Megan Anderson,49,35,29,48,NTI,42,NTI,NTI,61,53,39,48,55,63,45,47,38,45,NTI
Kirk Stone,85,60,58,68,81,72,73,62,69,74,74,NTI,70,79,94,83,79,84,82
Cheryl Marshall,77,EXC,99,91,62,66,82,88,62,81,71,83,93,65,NTI,76,89,94,77
Jessica Campbell,70,82,64,74,83,78,74,56,83,74,64,73,86,62,84,70,74,65,57
Raymond Davis,89,83,75,59,75,78,65,57,96,60,78,71,NTI,71,80,71,87,70,88
Meagan Cooke,85,85,82,NTI,67,85,96,82,75,EXC,80,69,78,89,89,69,76,75,NTI
Scott Salas,67,79,NTI,69,83,NTI,78,NTI,94,78,72,80,76,79,82,76,EXC,82,75
Kristen Flores,86,81,94,NTI,79,85,61,66,88,80,81,90,83,89,76,77,85,82,82
Kathleen Brooks,54,42,76,66,67,NTI,74,67,63,68,60,71,52,50,75,71,60,72,58
Sean Webster,76,79,67,69,87,76,89,75,85,73,80,EXC,82,88,75,77,59,EXC,71
Angela Bradley,56,82,70,65,70,64,45,62,68,67,64,59,87,50,EXC,58,74,68,65
Matthew Zhang,63,82,75,73,74,84,81,71,76,93,75,87,74,67,85,72,82,NTI,91
Nathan Tyler,87,96,81,96,95,91,95,EXC,73,99,92,87,EXC,88,95,NTI,88,86,89
Andrew Soto,87,88,90,EXC,NTI,89,NTI,100,96,100,80,86,EXC,95,82,95,96,94,94
Patricia Brown,76,68,77,79,76,77,85,77,NTI,69,81,76,83,61,75,72,99,67,80
Cindy Kennedy,75,88,70,78,87,75,66,79,NTI,84,78,71,63,73,72,80,79,53,80
Pamela Jackson,90,71,68,73,66,81,69,69,83,65,68,90,75,74,EXC,81,EXC,EXC,59
Christopher Krueger,49,71,85,76,85,70,87,84,63,73,82,86,81,81,68,75,66,EXC,78
Veronica Davis,65,71,83,NTI,68,73,80,78,68,80,NTI,83,58,EXC,68,77,89,73,81
Janice Tran,NTI,88,64,84,87,72,93,96,70,72,77,79,57,75,97,88,87,97,58
Martha Lewis,70,72,EXC,35,55,EXC,64,62,66,67,55,78,69,70,56,54,54,67,55
Jennifer Gay,EXC,74,75,76,69,81,95,78,NTI,84,74,79,77,76,62,82,NTI,88,97
Jesse Tanner,66,75,92,96,78,80,82,88,82,72,86,94,66,87,81,NTI,78,81,93
Natasha Hunt,55,51,53,73,60,52,33,58,48,EXC,68,64,49,EXC,52,43,49,53,63
Lisa Dominguez,83,81,99,75,89,89,98,78,NTI,NTI,85,88,81,93,76,84,64,92,NTI
Stephanie Foster,87,80,NTI,93,NTI,EXC,80,80,79,84,78,80,NTI,62,84,91,81,77,97
William Yu,80,87,76,73,70,98,EXC,EXC,69,93,82,NTI,81,70,99,86,85,NTI,80
Kevin Simmons,NTI,NTI,83,80,69,56,NTI,68,69,83,75,67,EXC,64,70,78,64,NTI,70
Michael Price,69,EXC,68,62,58,61,61,EXC,68,56,75,79,60,70,83,51,64,61,66
Brandon Cook,46,70,63,70,63,NTI,74,57,57,69,49,NTI,59,69,78,81,76,69,85
Luis Cook,72,70,91,75,85,EXC,93,81,76,90,89,66,80,EXC,69,100,93,EXC,70
Charles Morales,68,89,80,82,75,74,73,88,NTI,59,85,81,79,76,66,NTI,70,56,66
Donna Cummings,78,82,66,NTI,76,60,67,65,92,88,66,73,67,79,73,85,86,74,59
Colleen Huynh,97,85,67,95,82,93,88,86,89,94,99,98,96,92,90,EXC,76,83,97
Jeff Rojas,65,78,NTI,76,74,58,EXC,73,77,69,78,68,51,50,72,66,66,61,58
Mark Rocha,78,91,93,NTI,91,96,99,94,99,87,94,86,91,92,85,69,85,97,92
Nancy Smith,70,81,80,68,71,73,85,83,75,69,66,61,59,75,76,84,77,EXC,65
Diana Warner,68,69,67,NTI,60,NTI,71,72,71,82,80,73,47,65,NTI,64,63,59,EXC
Kara Cooley,78,83,52,76,77,95,NTI,69,60,64,82,EXC,63,72,94,62,63,64,63
Timothy Murphy,EXC,82,80,90,79,73,96,59,82,74,76,90,NTI,NTI,90,86,80,87,69
Yesenia Roth,79,97,80,91,NTI,NTI,68,63,95,91,EXC,94,75,91,66,NTI,EXC,71,63
Erica Thomas,44,78,76,72,72,50,48,55,68,63,NTI,58,68,55,52,76,54,55,55
Sheri Phillips,89,EXC,60,68,54,50,66,57,55,54,56,44,54,57,64,62,EXC,69,NTI
Andrea Wilson,56,57,EXC,74,54,64,61,57,49,47,NTI,72,57,54,55,69,60,60,61
Timothy Griffith,58,64,EXC,58,73,77,71,71,EXC,NTI,EXC,64,56,77,61,68,44,74,61
Joshua Greer,65,85,59,74,EXC,74,63,49,41,60,NTI,50,74,53,76,EXC,55,68,58
Christopher Knight,72,46,58,64,58,38,NTI,EXC,58,61,56,45,49,58,60,54,78,52,59
Meghan Olsen,65,64,94,89,80,84,86,85,76,73,86,81,70,82,93,83,89,77,77
Brad Nguyen,90,91,81,72,83,64,73,71,78,64,85,72,86,NTI,68,73,74,80,NTI
Ashley Bowers,NTI,54,53,73,48,62,36,NTI,55,57,50,56,51,45,57,61,59,NTI,53
Melissa Gonzalez,86,78,83,78,90,75,88,97,93,73,89,EXC,72,71,79,94,74,58,65
Angel Smith,84,70,74,NTI,66,78,84,83,84,81,62,66,51,73,81,83,75,66,81
Dustin Santiago,NTI,83,77,83,78,68,82,86,68,EXC,73,NTI,59,88,64,76,55,48,49
Danielle Wilson,55,47,97,66,67,65,NTI,54,EXC,65,63,64,68,67,64,64,58,62,73
Darren Palmer,84,58,66,49,NTI,56,68,62,EXC,68,85,46,NTI,51,61,50,49,33,66
Christopher Briggs,73,71,90,83,NTI,81,65,NTI,85,77,92,67,77,47,NTI,85,56,NTI,88
Tiffany Huff,NTI,71,58,73,57,74,73,NTI,69,79,74,NTI,70,58,85,59,NTI,EXC,73
Benjamin Wolf,63,NTI,53,69,68,49,65,85,61,62,74,57,45,55,67,56,75,73,65
Susan Wilcox,92,87,83,83,NTI,NTI,83,87,80,81,87,97,EXC,85,67,74,81,EXC,74
Jon Ford,77,92,84,EXC,EXC,68,74,66,88,92,EXC,79,82,85,88,69,67,88,88
Juan Schneider,69,61,70,64,57,61,68,52,63,62,77,73,60,71,49,63,55,75,NTI
Vanessa Shields,90,97,EXC,76,NTI,98,77,84,NTI,NTI,98,92,91,76,92,100,95,EXC,79
Maria Ramos,66,49,61,63,63,68,67,67,65,54,65,52,EXC,52,74,60,58,55,50
Timothy Peters,63,78,NTI,73,NTI,66,57,73,79,57,78,76,85,65,63,54,71,69,72
Matthew Hood,82,73,80,85,97,99,83,82,99,83,65,92,83,95,87,72,76,81,94
Jason Tucker,88,92,78,76,72,86,79,75,81,60,85,83,86,90,96,96,85,EXC,82
Christopher Charles,65,78,69,79,80,86,93,82,81,EXC,85,68,65,74,78,76,76,95,EXC
Tiffany Henson,87,96,77,81,99,81,83,86,86,88,83,97,NTI,100,55,75,93,73,NTI
Jonathan Bernard,60,47,56,44,58,61,56,68,NTI,52,40,61,63,67,62,50,62,48,81
Shawn Thomas,97,97,81,NTI,92,92,84,83,95,91,78,87,EXC,76,87,96,77,89,95
Jasmine Watts,83,79,88,75,EXC,63,74,71,85,80,78,99,95,NTI,81,74,82,71,75
Jennifer Goodman,75,76,61,89,81,87,NTI,85,75,58,81,61,EXC,66,80,70,56,67,72
David Miller,57,61,50,47,57,NTI,66,57,NTI,60,51,72,68,57,46,49,51,54,63
Robert Hernandez,85,91,68,77,73,99,97,NTI,78,81,88,88,64,81,77,64,88,85,91
Sophia Davis,56,67,51,66,48,76,46,EXC,51,61,46,73,52,64,61,56,48,NTI,NTI
Kathryn Lewis,78,68,68,65,77,89,88,73,72,70,62,82,72,84,80,79,78,57,84
Heidi Taylor,70,64,72,82,75,90,80,74,88,71,80,64,84,76,87,89,71,83,EXC
John Mckenzie,82,91,75,90,84,76,89,89,70,75,88,82,66,98,64,91,EXC,80,90
Robert Carter,80,62,56,67,62,95,49,63,61,73,60,72,60,73,79,60,72,81,68
Charles Young,72,67,65,63,77,82,62,59,82,87,82,84,90,71,NTI,63,87,77,78
Jacqueline Mills,79,64,NTI,95,EXC,73,85,NTI,85,85,87,78,62,84,NTI,NTI,71,79,87
Anna Davis,86,85,78,NTI,NTI,74,NTI,98,70,68,EXC,80,85,72,NTI,84,75,83,69
Steven Benson,61,87,82,96,88,80,NTI,EXC,78,79,68,72,82,94,84,NTI,EXC,88,74
Brandon Hughes,100,95,98,80,95,74,NTI,94,89,90,93,93,NTI,94,92,79,80,87,93
David Arellano,66,75,78,86,57,82,77,53,82,NTI,80,NTI,69,63,65,87,60,NTI,85
James Armstrong,NTI,70,80,87,89,70,100,65,EXC,68,59,90,80,62,87,56,69,84,68
Monica Hernandez,77,68,68,84,63,85,73,69,50,81,74,58,60,57,85,75,78,71,85
Matthew Malone,87,80,91,95,95,EXC,NTI,96,71,72,80,NTI,65,77,87,72,NTI,85,96
Mikayla Holloway,80,60,78,EXC,89,EXC,69,75,100,NTI,95,92,EXC,72,76,73,86,90,EXC
Jaime Moses,62,66,73,79,94,EXC,73,63,60,72,51,61,68,62,73,57,75,74,61
Erik York,74,79,66,54,76,86,88,NTI,66,85,77,76,53,61,75,80,80,78,83
Lauren Lewis,51,58,50,73,NTI,EXC,53,60,70,52,49,57,NTI,58,54,49,58,44,66
Zachary Clark,40,NTI,45,66,63,61,61,63,62,36,47,54,39,46,82,71,66,51,60
Kim Davis,68,77,69,74,75,59,75,56,68,69,62,62,67,59,63,55,75,66,56
Hannah Floyd,71,NTI,73,57,67,NTI,52,74,61,69,60,65,89,66,76,66,NTI,56,58
Shannon Adams,68,81,65,EXC,61,60,76,69,88,97,65,70,90,84,69,EXC,67,58,72
Sandra Martinez,94,NTI,61,85,64,77,76,63,66,61,81,99,82,82,74,74,EXC,84,78
Brian Benitez,81,85,65,84,89,79,71,65,76,77,84,74,76,EXC,64,80,70,71,81
Keith Edwards,76,53,56,EXC,84,94,EXC,60,93,69,86,81,80,74,86,57,79,57,84
Andrew Charles,67,55,51,81,72,73,80,76,80,89,69,76,67,71,60,71,NTI,65,95
Andrew Martinez,90,74,81,61,64,65,67,NTI,NTI,61,80,73,88,70,64,83,72,89,75
Adrienne Dennis,NTI,82,81,77,79,53,77,87,54,76,77,NTI,65,76,47,80,60,86,60
Adrian Gordon,74,79,67,EXC,76,81,60,84,61,67,57,61,74,46,63,68,81,56,54
Lindsey Bullock,38,67,64,58,59,70,73,56,59,73,68,EXC,68,49,80,71,71,NTI,71
Juan Mcgee,72,70,86,68,85,90,64,61,89,EXC,80,73,71,75,66,93,89,92,94
Brian Barnes,63,64,54,59,73,EXC,NTI,69,58,64,60,63,75,69,75,44,55,81,74
Sherri Lawson,86,62,67,67,72,64,78,75,EXC,61,NTI,59,61,61,NTI,53,71,64,72
Paula Fox,62,NTI,52,50,61,63,89,84,63,48,66,56,69,70,60,66,59,53,60
Lindsay Blevins,60,53,68,72,67,68,73,NTI,NTI,45,56,83,60,54,44,62,84,EXC,48
Roger Henderson,91,74,71,76,57,78,56,68,70,73,85,88,77,69,73,79,62,66,70
Lucas Roberts,92,91,90,91,83,99,92,87,95,78,88,93,74,83,85,94,97,91,82
Jennifer Wilcox,78,75,NTI,80,EXC,79,74,75,81,68,89,EXC,92,NTI,88,90,87,75,92
Lisa Colon,75,94,95,89,71,88,86,84,77,87,73,96,63,72,75,96,98,98,88
Frederick Rodriguez,76,75,89,88,82,90,73,75,80,71,65,96,85,86,99,76,82,79,69
Paul Peterson,73,46,54,49,60,78,52,72,NTI,54,66,58,76,46,59,79,64,43,60
Vincent Davis,78,EXC,82,EXC,70,67,94,80,77,EXC,47,NTI,71,58,76,75,NTI,91,EXC
Andrew Cox,94,87,87,69,90,98,86,83,97,78,91,83,87,85,98,76,95,86,90
Katie Owens,78,NTI,NTI,55,59,35,49,46,55,NTI,74,58,56,60,59,59,54,54,63
Lynn Stevens,68,52,53,57,58,61,63,NTI,63,70,EXC,NTI,51,68,73,81,70,57,EXC
Aaron Bates,48,37,57,56,32,39,EXC,51,53,63,38,51,44,56,51,48,54,45,40
Jessica Lopez,NTI,75,92,87,79,65,78,81,65,84,74,78,NTI,51,NTI,79,NTI,NTI,70
Wendy Quinn,NTI,88,77,90,86,NTI,87,82,68,80,78,59,85,NTI,84,79,87,73,70
Michael Wallace,49,46,73,69,60,NTI,65,65,65,72,64,70,44,53,60,62,NTI,66,NTI
Katelyn Rogers,55,63,EXC,62,61,64,78,76,55,68,55,80,55,46,56,EXC,62,72,NTI
Sabrina Barnett,62,92,75,76,86,86,83,92,71,98,81,82,78,70,65,72,92,98,60
Lisa Haynes,NTI,NTI,58,55,NTI,75,58,70,NTI,77,NTI,79,62,67,67,NTI,75,60,42
Isabella Jackson,90,86,69,96,86,77,EXC,74,97,73,83,83,91,90,NTI,93,74,97,95
Maria Reynolds,71,72,73,EXC,60,88,82,87,85,73,EXC,87,NTI,81,71,82,76,78,61
Andrew Miller,55,NTI,54,NTI,46,54,42,54,35,42,31,NTI,49,34,43,45,38,72,52
Colleen Moore,73,EXC,60,69,EXC,76,69,55,96,75,89,73,73,76,NTI,77,66,77,EXC
Alejandro Gardner,59,85,75,87,86,78,64,75,78,87,73,63,74,88,69,69,84,77,74
Samantha Leach,82,64,75,58,70,70,73,84,71,71,81,78,82,70,EXC,63,75,82,64
Jeanette David,62,77,83,85,58,82,84,80,61,83,89,77,72,87,77,89,70,77,96
Mary Martinez,57,59,68,40,63,59,53,63,67,54,62,68,69,51,66,NTI,50,69,69
Timothy Castillo,84,78,72,76,91,86,EXC,68,63,93,73,46,75,57,95,72,66,47,77
