Name,HW1,HW2,HW3,HW4,HW5,HW6,HW7,HW8,HW9,HW10,Project1,Project2,Quiz1,Quiz2,Quiz3,Quiz4,Test1,Test2,Final1
Maria Miller,79,NTI,77,79,92,EXC,92,NTI,83,93,91,100,92,91,90,74,71,65,EXC
Holly Sanders,85,75,70,52,84,NTI,72,62,NTI,68,91,74,68,NTI,NTI,NTI,NTI,EXC,72
Joy Smith,61,61,52,54,63,66,62,62,70,62,63,77,70,75,82,NTI,EXC,55,49
Jason Cunningham,93,69,73,EXC,96,88,81,73,71,77,87,68,89,71,80,83,80,NTI,NTI
Kathy Myers,EXC,84,67,EXC,79,87,67,84,71,82,73,76,NTI,90,94,85,92,88,88
Mitchell Valencia,73,NTI,81,86,EXC,66,89,74,76,80,90,72,72,60,NTI,85,60,87,74
Donna Davis,NTI,89,78,80,99,93,67,59,EXC,88,65,68,NTI,81,63,NTI,EXC,73,74
Lindsey Diaz,62,75,79,73,81,97,78,73,78,77,70,EXC,64,71,77,67,77,EXC,75
Sandra Graham,66,81,75,85,79,NTI,69,59,87,65,82,80,68,57,72,59,95,75,61
Michael Hawkins,EXC,85,87,83,92,95,91,95,76,94,89,NTI,88,87,93,81,74,92,85
Cole Miles,63,62,NTI,75,63,77,83,67,59,74,73,64,72,57,64,62,91,NTI,61
Marcus Anderson,59,77,83,73,78,EXC,64,65,64,NTI,90,EXC,76,62,69,80,63,73,76
Renee Kirk,90,81,82,72,83,61,69,87,69,72,60,72,70,74,63,81,94,75,76
Angelica Hale,87,68,85,95,60,83,74,77,81,NTI,95,84,EXC,84,85,71,72,70,90
Chad Morgan,NTI,73,82,75,78,84,53,77,77,73,69,80,90,83,68,81,79,69,80
Tamara Bradley,78,55,NTI,56,88,54,65,61,61,80,78,58,NTI,81,65,EXC,NTI,76,76
Daniel Riley,72,NTI,71,68,70,64,72,79,90,64,74,77,79,87,68,46,69,69,67
Bridget Aguilar,91,74,64,80,73,83,83,54,99,59,82,85,84,87,NTI,NTI,97,NTI,80
Megan Anderson,94,88,91,92,81,EXC,85,NTI,90,84,84,85,EXC,93,94,86,97,92,99
Cheryl Marshall,88,88,98,91,80,99,87,84,95,88,78,98,96,76,81,99,69,87,NTI
Joshua Sweeney,71,75,72,EXC,85,76,79,86,76,100,73,NTI,86,76,84,83,65,81,88
Rhonda Brown,76,84,85,86,85,66,74,94,90,55,89,72,92,78,70,76,56,88,73
Dale Jones,74,68,46,70,61,65,63,68,67,56,53,69,63,55,71,69,63,54,70
Susan Washington,85,61,65,62,51,EXC,58,56,68,79,77,55,52,44,53,60,65,85,NTI
Angela Bradley,58,EXC,57,63,73,NTI,73,69,84,51,72,58,73,63,91,55,65,67,54
Michael Blackburn,93,87,82,86,86,EXC,88,94,90,89,87,92,97,95,EXC,74,94,EXC,92
Cindy Kennedy,59,72,87,74,80,75,64,83,87,89,73,81,73,55,NTI,86,71,74,71
Wendy Ponce,63,61,69,65,70,54,61,61,62,64,EXC,67,74,73,61,66,89,63,59
Brenda Wilson,NTI,78,87,78,72,88,97,85,78,NTI,63,77,90,94,78,NTI,83,85,83
Patrick Stark,73,69,82,74,76,80,71,73,81,75,NTI,74,60,57,53,70,64,86,66
Martha Lewis,95,86,67,64,59,85,79,NTI,91,EXC,89,69,96,75,93,89,91,82,80
Natasha Hunt,73,EXC,61,61,86,NTI,61,NTI,69,58,70,71,70,63,EXC,54,70,NTI,62
Kathleen Vega,80,56,62,73,68,61,82,NTI,EXC,94,EXC,56,67,82,71,EXC,89,NTI,71
Lisa Dominguez,79,85,81,91,66,99,EXC,82,74,70,96,82,89,98,91,92,91,75,69
Stephanie Foster,84,76,75,64,51,74,NTI,97,98,75,76,EXC,NTI,53,79,55,65,63,73
Vincent Flores,64,61,84,84,53,98,NTI,89,96,70,62,98,98,58,81,74,86,90,87
Nicole Tucker,NTI,62,68,EXC,76,62,94,76,69,82,84,88,81,84,69,69,65,NTI,67
Patricia Lawrence,55,63,52,59,54,74,56,70,56,NTI,EXC,43,NTI,63,57,65,63,NTI,57
Colleen Huynh,85,68,53,63,60,85,53,60,54,71,54,66,52,69,61,63,67,58,72
Jeff Rojas,57,68,93,58,71,86,72,73,72,69,67,55,71,75,EXC,60,EXC,66,60
Mark Rocha,85,64,75,79,77,74,73,EXC,70,64,68,68,78,64,73,90,NTI,60,73
Caitlyn Romero,67,EXC,63,70,62,64,86,EXC,63,63,70,87,57,80,88,72,91,67,78
Susan Anderson,NTI,44,52,57,EXC,NTI,69,67,73,59,60,73,57,63,EXC,50,55,66,64
Gloria Ward,64,81,63,EXC,90,67,71,62,64,64,66,60,59,NTI,78,79,74,50,64
Benjamin Wolf,84,75,86,74,91,81,89,84,91,94,86,80,85,88,79,82,87,78,81
Alicia Williams,82,67,93,EXC,82,58,64,78,58,91,EXC,85,62,98,67,76,71,51,76
Mitchell Palmer,92,92,76,81,88,94,NTI,70,76,91,86,93,72,75,72,77,EXC,87,69
Timothy Peters,52,62,NTI,65,61,55,NTI,NTI,70,64,50,54,66,57,70,61,78,NTI,63
Jason Tucker,53,56,45,53,46,57,55,46,49,65,55,52,65,42,48,73,60,61,63
Bryan Brown,NTI,92,98,82,99,EXC,94,95,EXC,85,82,99,99,EXC,86,99,95,NTI,NTI
Jeremy Mahoney,83,95,EXC,NTI,98,94,81,87,87,92,89,EXC,EXC,EXC,68,NTI,72,92,85
Kaitlyn Delgado,94,NTI,92,99,98,98,90,92,80,74,88,91,81,85,97,99,84,NTI,93
Andrew Brooks,91,75,78,80,65,92,75,82,70,65,72,68,83,91,61,68,EXC,94,83
Rachel Hamilton,96,85,92,91,62,68,75,88,87,74,80,74,80,78,85,94,90,87,93
John Whitehead,93,90,83,96,EXC,79,81,89,100,96,97,85,78,80,EXC,82,98,91,NTI
Steven Benson,65,76,71,75,81,83,77,66,86,70,71,46,71,57,82,65,69,91,66
Howard Brown,66,76,NTI,91,67,76,82,EXC,72,NTI,76,73,NTI,EXC,NTI,74,69,88,65
James Armstrong,54,71,46,45,62,52,66,48,69,60,50,NTI,57,38,59,NTI,39,50,76
Matthew Malone,71,65,64,76,NTI,56,62,EXC,58,50,73,61,62,67,63,55,44,70,71
Darius Crawford,81,88,72,86,79,67,74,87,61,89,86,76,EXC,80,76,NTI,71,94,68
Mikayla Holloway,89,NTI,71,85,69,98,80,92,99,85,NTI,EXC,85,60,82,75,NTI,94,86
Susan Allen,75,74,75,88,91,EXC,89,65,NTI,85,66,66,84,72,74,84,85,81,92
Jaime Moses,94,62,65,82,48,66,82,69,82,78,81,68,72,65,67,64,47,EXC,77
Danielle Lee,87,76,72,89,EXC,79,76,NTI,62,69,73,75,74,NTI,NTI,68,77,64,68
Brandon Garza,77,68,67,65,65,72,59,85,48,69,56,57,74,63,74,58,55,74,76
Ruben Martinez,73,66,66,88,83,69,74,66,84,74,72,96,70,90,NTI,NTI,83,73,63
Steve Clark,68,NTI,82,EXC,94,75,87,91,76,85,78,98,93,87,98,95,78,95,80
Penny Rodriguez,68,84,88,61,60,75,EXC,76,76,67,76,97,70,68,65,EXC,EXC,78,85
Andrew Martinez,68,NTI,90,62,EXC,70,77,70,85,NTI,NTI,NTI,58,62,48,NTI,68,NTI,66
Lindsey Bullock,70,92,EXC,77,96,90,76,74,90,79,92,81,75,87,83,91,69,98,EXC
Stephen Arroyo,91,NTI,87,74,72,90,88,91,NTI,77,87,91,73,66,69,NTI,81,79,86
Barbara Gordon,80,69,73,81,85,80,91,82,97,EXC,EXC,72,42,67,81,69,87,90,57
Calvin Hill,81,52,84,NTI,98,NTI,78,73,64,87,79,79,64,81,86,66,66,72,79
Roger Henderson,EXC,96,80,NTI,NTI,84,92,98,100,92,72,90,83,NTI,91,97,92,91,NTI
Brittany Barr,77,82,75,95,85,91,98,EXC,91,79,75,77,89,85,75,60,78,78,90
Carol Holmes,87,NTI,90,89,86,93,67,96,85,90,87,75,83,NTI,84,100,95,78,NTI
Roger Williams,NTI,73,55,65,67,86,75,NTI,69,80,NTI,NTI,64,71,54,77,76,79,77
Frederick Rodriguez,59,69,58,55,81,NTI,62,56,60,67,52,59,NTI,62,50,62,48,74,59
Matthew Brown,72,85,58,61,70,66,69,69,59,55,89,69,NTI,81,EXC,EXC,67,78,68
Paul Peterson,EXC,79,51,NTI,84,NTI,NTI,78,62,68,87,71,74,84,79,NTI,57,NTI,70
Adam Hall,69,90,97,78,70,87,74,79,80,76,NTI,NTI,79,62,73,95,84,62,75
Andrew Cox,98,84,95,92,EXC,98,84,82,EXC,91,99,76,91,100,90,96,98,88,93
Caleb Blanchard,66,91,68,66,68,69,EXC,75,63,70,40,56,79,EXC,73,67,76,64,76
Tammy Chandler,80,95,92,NTI,79,94,85,98,NTI,NTI,99,70,98,89,74,91,NTI,77,94
Kathleen Woods,70,88,80,81,82,67,99,EXC,83,100,95,91,98,84,86,76,78,70,83
Michael Wallace,78,93,74,94,69,98,84,90,66,98,79,86,67,83,90,81,73,95,EXC
Sabrina Barnett,77,79,73,99,86,86,90,78,79,90,95,89,EXC,90,83,81,95,95,76
Meagan Cordova,74,69,62,NTI,67,75,83,76,79,71,NTI,59,NTI,56,86,59,62,56,61
Lee Ray,65,61,54,82,NTI,73,76,46,64,NTI,64,52,45,73,NTI,43,70,78,91
Colleen Moore,54,55,55,NTI,55,69,50,31,NTI,44,63,66,NTI,54,NTI,NTI,68,28,48
Heather Garcia,76,EXC,83,76,82,80,EXC,82,EXC,74,NTI,81,97,83,84,65,79,66,80
Gina Carter,68,78,74,74,69,61,60,82,64,67,72,72,77,55,70,86,57,72,62