Name,HW1,HW2,HW3,HW4,HW5,HW6,HW7,HW8,HW9,HW10,Project1,Project2,Quiz1,Quiz2,Quiz3,Quiz4,Test1,Test2,Final1
Laura Hawkins,73,44,57,68,69,55,68,71,57,58,75,EXC,68,87,76,80,67,55,65
Lance Baker,75,42,54,53,58,34,44,64,41,74,78,64,54,62,42,57,61,59,56
Kirsten Marshall,85,94,84,97,95,EXC,76,84,89,83,NTI,83,97,89,75,81,96,79,NTI
Rebecca Espinoza,95,96,93,95,97,80,82,NTI,99,96,79,NTI,91,NTI,NTI,85,100,91,96
Deborah Ross,57,62,76,69,76,NTI,81,83,73,66,71,90,75,62,69,94,78,77,69
Joshua Davenport,76,75,60,57,71,69,68,69,85,EXC,81,94,74,56,81,80,73,66,71
Eric Knapp,91,EXC,71,92,79,97,81,82,87,80,68,96,85,77,82,83,72,81,84
Erica Hayes,NTI,60,NTI,74,78,100,75,75,NTI,81,73,NTI,63,77,88,57,77,NTI,92
Deborah Burke,NTI,64,64,78,58,61,73,EXC,66,71,61,50,78,84,74,57,93,60,66
Austin Morgan,NTI,83,EXC,94,80,88,75,83,94,74,70,85,92,76,75,NTI,69,78,67
Katie Johnson,66,55,63,71,64,63,67,62,53,67,NTI,74,75,NTI,62,65,78,54,71
Christopher Thompson,74,72,70,62,79,67,58,60,46,82,65,69,79,76,70,61,67,64,77
Pamela Matthews,78,89,EXC,69,69,61,88,77,65,79,81,88,79,73,68,71,77,85,93
Connie Jones,47,50,39,71,59,NTI,NTI,NTI,61,87,53,55,EXC,61,64,NTI,73,84,NTI
Kelly Castro,75,93,66,83,67,69,69,64,79,82,71,69,NTI,91,65,83,73,83,89
Kathryn Strong,76,77,76,92,69,85,80,80,90,76,95,EXC,93,83,87,84,85,77,71
Diamond Miller,77,64,97,80,88,66,94,69,69,87,74,59,77,98,77,68,74,80,NTI
Jennifer Johnson,80,NTI,66,85,76,NTI,86,97,85,95,NTI,72,81,80,77,80,84,94,73
Janice Aguilar,75,72,75,67,NTI,79,72,73,NTI,63,62,70,NTI,74,89,78,75,96,NTI
Samantha Reynolds,96,EXC,96,100,95,81,75,97,91,NTI,82,90,98,95,NTI,89,93,EXC,EXC
Sean Reed,90,83,72,90,78,93,86,81,75,94,56,80,71,93,92,92,EXC,73,91
Sydney Gray,EXC,83,NTI,86,EXC,80,90,78,83,89,NTI,88,75,NTI,76,90,89,75,EXC
Debra Thomas,71,66,78,79,84,79,75,75,76,81,71,61,68,89,71,87,NTI,75,78
John Cain,64,NTI,70,98,67,57,61,87,79,70,70,68,52,69,65,72,NTI,84,51
Sarah Hill,65,86,66,81,NTI,67,EXC,47,78,54,75,87,83,73,69,81,82,64,74
Jerome Duran,64,87,73,65,61,61,83,69,67,71,70,78,76,91,78,71,78,73,68
Virginia Ramos,72,93,74,91,69,71,EXC,76,93,76,83,66,72,84,NTI,76,89,78,87
Kirk Stone,78,71,77,82,78,89,83,84,90,78,76,79,87,72,92,67,64,89,70
Justin Robinson,69,78,63,68,80,67,81,56,58,67,66,62,46,64,68,63,79,83,64
Eduardo Lawrence,100,92,94,81,75,87,83,79,78,81,NTI,85,91,83,78,75,97,83,87
William Lindsey,79,84,85,91,NTI,77,80,76,72,76,75,67,67,85,68,73,56,77,59
Kristen Flores,71,59,53,EXC,78,EXC,68,60,44,56,61,58,61,52,56,51,59,61,54
Matthew Zhang,67,98,59,65,71,51,96,65,64,76,62,52,83,EXC,67,69,63,96,56
Rebecca Estrada,62,EXC,EXC,70,50,70,60,63,63,76,77,69,61,60,76,63,63,76,EXC
Brenda Love,69,85,NTI,82,70,69,71,79,93,67,84,EXC,77,74,79,78,97,77,89
Pamela Jackson,91,97,82,80,85,84,84,76,78,79,61,82,100,72,82,91,77,92,72
Denise Wood,EXC,46,79,EXC,72,47,79,75,54,NTI,55,55,57,61,70,EXC,40,43,NTI
William Yu,96,94,69,82,70,87,78,83,64,90,61,69,53,59,77,73,71,68,81
Brandon Cook,89,79,71,71,66,54,67,80,71,65,74,83,NTI,73,64,67,73,59,63
Stacy Rodriguez,46,59,58,33,33,71,46,NTI,54,60,38,54,54,NTI,69,37,47,NTI,33
Katherine Salazar,99,92,86,68,97,85,85,89,89,82,NTI,88,82,91,98,84,84,83,94
Abigail Weber,86,96,94,86,94,88,EXC,NTI,85,100,100,94,65,82,69,92,78,87,92
Donna Cummings,63,64,68,66,65,67,76,57,69,EXC,NTI,67,85,57,56,62,69,49,73
Robert Daniels,76,93,92,94,83,80,87,92,86,87,93,98,85,100,80,EXC,77,95,90
Diana Warner,55,67,65,EXC,EXC,85,62,80,EXC,58,84,76,77,87,NTI,69,67,74,53
Kara Cooley,76,EXC,85,NTI,95,99,91,88,92,91,NTI,70,NTI,88,72,NTI,93,96,88
Yesenia Roth,96,77,NTI,76,60,80,74,72,87,64,86,77,EXC,78,NTI,84,84,72,68
David Jones,62,70,70,72,60,71,78,86,67,NTI,98,96,70,77,NTI,83,NTI,64,85
Erica Thomas,49,80,74,72,81,71,55,72,76,EXC,92,78,79,EXC,NTI,NTI,72,65,79
Andrew Smith,74,88,92,75,99,NTI,75,88,92,NTI,NTI,80,70,71,75,76,72,EXC,70
Joshua Greer,66,69,49,48,42,EXC,61,67,45,39,EXC,51,49,45,46,68,48,49,49
Justin Medina,EXC,56,53,51,50,51,73,EXC,80,73,65,59,58,63,72,59,59,62,71
Christopher Knight,76,51,72,80,94,76,54,75,69,60,64,58,65,EXC,73,59,50,52,55
Meghan Olsen,75,84,63,79,60,60,58,68,81,EXC,67,88,62,63,71,52,63,69,69
William Taylor,NTI,79,74,72,64,84,91,77,74,56,61,NTI,79,74,66,74,82,76,64
Jason Benjamin,72,72,82,72,68,82,67,56,56,72,79,75,55,79,62,EXC,79,71,46
Angel Smith,96,86,EXC,86,94,84,74,85,NTI,97,100,86,80,83,84,83,96,68,68
Danielle Wilson,65,57,68,61,55,59,57,73,81,63,71,72,87,61,59,71,64,68,75
Darren Palmer,80,62,65,73,85,71,79,88,EXC,67,72,56,63,87,60,EXC,73,78,66
Raymond Orozco,83,76,78,EXC,84,75,78,67,75,74,68,EXC,84,89,91,87,81,NTI,80
Laura Vazquez,83,60,76,EXC,90,82,63,70,71,EXC,99,80,77,80,68,72,81,74,71
Daniel James,90,100,93,89,NTI,78,99,NTI,95,NTI,90,86,NTI,84,90,96,92,EXC,88
Susan Wilcox,89,75,78,67,76,63,NTI,82,85,EXC,86,77,78,58,NTI,77,EXC,95,97
Matthew Hood,65,57,52,83,74,47,92,53,84,75,69,EXC,51,61,63,64,51,61,82
Christopher Campbell,77,88,67,69,88,68,67,79,81,70,79,68,79,75,71,94,67,72,73
Jasmine Watts,82,89,91,92,88,72,92,81,NTI,EXC,96,EXC,91,82,86,69,93,92,90
Jennifer Goodman,83,82,94,83,76,97,76,83,NTI,86,69,98,72,98,77,81,76,88,86
Ashley Young,88,83,79,EXC,NTI,86,90,83,94,94,93,80,88,86,86,97,80,98,85
Kathryn Lewis,73,83,NTI,79,EXC,EXC,86,75,76,73,73,67,69,68,82,81,74,52,69
Michael West,79,76,60,91,79,70,81,92,55,76,79,86,NTI,83,70,65,80,78,69
Harold Daniel,55,71,NTI,78,62,NTI,86,53,71,63,75,45,NTI,75,EXC,68,84,NTI,64
Diane Montgomery,48,EXC,58,76,68,62,58,50,60,56,58,66,60,47,64,56,62,78,EXC
Brandon Hughes,68,NTI,74,59,78,NTI,68,77,72,75,NTI,73,NTI,NTI,86,50,59,EXC,87
Adam Diaz,77,80,79,79,EXC,68,93,75,66,80,89,67,91,58,86,74,84,73,83
Joshua Long,61,71,66,85,84,76,57,78,67,71,70,69,80,66,77,93,63,67,NTI
Brandon Little,67,89,76,52,71,71,82,56,72,43,75,EXC,55,74,78,EXC,EXC,58,EXC
Lauren Lewis,59,78,65,75,81,57,67,66,87,83,79,54,81,68,64,71,81,76,89
Zachary Clark,83,72,EXC,98,76,EXC,NTI,97,NTI,83,84,80,77,85,68,100,91,85,100
Robert James,75,82,87,73,65,67,90,NTI,NTI,64,NTI,93,51,67,62,84,83,EXC,74
Keith Edwards,85,64,64,80,82,84,96,82,88,77,90,85,99,89,82,65,55,70,64
Adrian Gordon,93,99,84,93,90,89,82,70,88,84,97,70,84,85,86,74,92,91,77
Brian Barnes,44,25,38,EXC,32,32,EXC,41,44,42,EXC,48,57,EXC,50,35,32,60,NTI
Robert Harrington,89,82,96,NTI,NTI,87,74,92,EXC,95,86,98,99,71,91,NTI,100,94,80
Matthew Parker,74,75,54,82,61,75,81,79,64,69,67,57,74,86,64,74,NTI,NTI,65
Stanley Byrd,90,EXC,76,EXC,89,90,60,73,EXC,67,60,73,EXC,68,70,78,75,68,73
Matthew Smith,NTI,55,89,54,94,85,69,69,EXC,EXC,67,64,60,58,63,52,69,64,EXC
Paul Barnett,71,66,80,81,86,92,88,82,EXC,89,89,78,87,95,99,75,84,83,85
Angel Rhodes,80,99,81,85,84,83,87,70,84,65,81,64,61,80,76,92,EXC,76,95
Linda Waters,74,60,76,NTI,80,58,59,76,89,NTI,75,81,55,58,57,90,57,56,68
Justin Case,82,NTI,NTI,66,72,82,87,83,35,NTI,69,70,62,58,83,65,71,62,76
Sarah Richardson,90,EXC,70,NTI,73,71,57,74,44,56,73,76,81,NTI,55,NTI,72,56,70
Lynn Stevens,59,72,72,87,73,72,56,NTI,EXC,67,76,70,57,74,68,NTI,68,EXC,80
Rodney Yang,80,69,61,72,77,76,92,79,82,82,64,71,71,89,57,80,68,74,87
Jacob Turner,NTI,98,NTI,99,96,76,81,93,NTI,92,90,NTI,81,95,97,92,86,97,74
Susan Henderson,84,87,78,95,67,76,78,71,73,98,62,81,86,EXC,91,78,93,84,80
Mark Hobbs,NTI,87,71,76,EXC,78,83,59,79,70,66,NTI,74,74,75,90,75,60,91
Lynn Jackson,79,67,63,55,NTI,45,60,68,74,70,52,47,69,74,72,63,75,61,68
Andrew Miller,87,84,93,70,60,63,72,90,74,91,61,70,76,88,77,81,71,EXC,66
Alejandro Gardner,83,72,77,74,84,68,93,58,63,75,67,51,79,NTI,60,78,66,76,92
Richard Johnson,67,52,49,76,44,82,53,NTI,65,75,55,68,64,70,96,58,43,NTI,70
Rebecca Harris,82,60,71,76,79,60,65,63,70,60,65,63,66,80,86,88,78,80,74
Angela Smith,74,NTI,84,81,NTI,85,85,64,83,74,75,EXC,65,87,83,93,88,99,74
