Name,HW1,HW2,HW3,HW4,HW5,HW6,HW7,HW8,HW9,HW10,Project1,Project2,Quiz1,Quiz2,Quiz3,Quiz4,Test1,Test2,Final1
Lance Baker,74,91,71,EXC,EXC,88,81,73,77,96,77,90,60,65,61,EXC,72,75,76
Marcus Pitts,NTI,56,63,NTI,70,59,64,EXC,68,28,67,68,59,54,55,60,57,73,47
William Wilson,74,92,65,74,87,76,71,EXC,77,67,76,41,64,81,85,74,62,73,78
Erica Hayes,52,78,71,74,84,95,55,62,65,61,67,76,74,69,EXC,66,57,74,82
Matthew Schneider,68,69,52,NTI,EXC,75,NTI,54,79,62,76,100,51,68,76,59,61,69,NTI
Danielle Goodman,70,NTI,68,75,83,NTI,EXC,66,73,67,53,71,84,84,85,64,82,77,57
Pamela Matthews,69,86,NTI,51,74,75,60,73,66,70,71,80,61,76,61,69,66,68,57
Kathryn Strong,77,58,NTI,74,53,61,83,85,59,62,NTI,75,68,64,79,62,60,60,75
Diamond Miller,95,96,80,75,73,EXC,81,70,84,EXC,75,82,78,78,78,79,75,EXC,87
Janice Aguilar,50,57,68,63,NTI,45,72,52,51,56,67,59,62,63,76,84,84,63,59
Joy Smith,NTI,90,78,86,79,75,66,93,71,93,EXC,72,67,79,83,65,89,82,80
Christopher Bray,90,90,86,90,95,83,94,90,83,EXC,92,84,80,75,71,86,98,77,95
Sydney Gray,NTI,NTI,NTI,73,85,93,79,75,94,57,69,83,69,67,59,NTI,83,74,67
Andrew Mckay,65,79,81,68,66,67,59,45,60,67,56,69,48,52,76,69,58,72,73
Jimmy Watts,67,90,94,80,63,91,60,91,NTI,92,73,90,80,67,99,92,73,84,78
Crystal Bradshaw,61,66,49,55,51,55,66,72,45,63,60,49,68,51,62,72,46,EXC,43
Gary Campbell,52,65,53,NTI,61,82,57,61,70,NTI,76,74,80,NTI,48,57,82,70,50
Alyssa Delacruz,NTI,50,61,47,46,47,50,NTI,42,48,EXC,48,56,64,47,37,47,63,46
Jennifer Butler,77,81,92,85,NTI,80,72,93,96,88,86,85,76,70,78,83,82,76,90
Matthew Lewis,89,63,80,77,69,65,64,74,66,73,66,72,72,75,59,65,65,73,57
Deborah Martin,55,81,95,73,73,84,73,EXC,66,76,60,66,86,64,74,71,73,61,55
Jeremy Jones,81,78,83,91,81,83,94,86,87,82,EXC,86,76,86,84,94,82,77,71
Amanda Lee,90,74,83,86,80,79,87,67,87,90,82,62,88,92,96,89,EXC,92,69
Melinda Williamson,74,NTI,88,78,60,91,78,70,87,72,87,72,NTI,74,84,79,74,EXC,71
Michael Schultz,62,77,89,73,70,NTI,70,97,87,87,89,79,84,74,66,73,88,84,90
Marcus Anderson,69,77,69,79,63,81,62,61,63,NTI,85,67,81,58,74,77,51,NTI,67
Rebecca Jackson,57,53,75,71,56,75,EXC,69,NTI,63,52,NTI,62,71,61,39,58,EXC,30
Eileen Jacobs,94,79,EXC,87,57,71,69,88,49,85,82,EXC,79,70,71,86,73,85,92
Christine Barnes,99,74,99,73,78,84,84,76,74,68,80,81,66,95,70,85,75,79,74
Rachel Kennedy,74,72,90,64,80,89,71,NTI,60,78,63,71,83,80,88,79,69,NTI,87
Mark Nelson,69,NTI,81,NTI,50,59,62,85,65,74,58,63,86,79,55,69,85,70,67
Angelica Hale,NTI,92,77,EXC,NTI,97,97,EXC,NTI,87,98,95,81,96,96,92,96,92,79
Daniel Riley,69,55,71,58,60,78,NTI,57,86,69,59,77,66,56,76,80,76,80,70
Bridget Aguilar,68,94,73,88,60,58,77,88,NTI,75,81,67,68,NTI,81,NTI,93,85,82
Cheryl Marshall,97,89,97,80,90,84,94,82,89,91,81,80,96,74,77,98,82,84,87
Joshua Sweeney,63,66,49,56,58,78,76,77,76,62,62,72,72,65,76,71,50,70,66
William Lindsey,86,97,78,83,82,61,82,NTI,91,77,EXC,81,NTI,47,NTI,87,87,68,EXC
Raymond Davis,62,62,64,48,57,NTI,64,69,71,NTI,EXC,76,NTI,70,73,72,56,NTI,77
Angela Bradley,NTI,70,81,NTI,74,70,72,73,EXC,75,NTI,NTI,69,88,79,62,67,77,75
Nathan Tyler,EXC,87,89,81,79,95,81,92,95,88,99,92,97,79,83,95,NTI,93,79
Andrew Soto,54,58,EXC,75,NTI,NTI,46,NTI,66,81,64,83,59,68,56,64,70,75,67
Patricia Brown,NTI,77,72,74,90,84,91,71,90,82,NTI,67,85,82,EXC,77,88,97,85
Cindy Kennedy,97,80,67,82,86,91,85,69,71,76,85,77,63,80,87,76,85,75,74
Brenda Wilson,74,68,58,73,81,54,76,83,64,70,EXC,EXC,63,60,71,77,56,70,61
Brent Washington,91,89,NTI,70,66,71,EXC,93,89,95,EXC,78,66,99,87,75,76,89,88
Nicole Meyers,NTI,92,85,77,EXC,54,NTI,89,72,NTI,86,79,73,58,72,66,EXC,81,59
Janice Tran,83,73,70,75,73,82,83,78,79,80,76,95,79,76,75,60,86,78,74
Jesse Tanner,72,66,72,NTI,81,63,94,77,92,89,64,79,62,98,89,73,87,73,83
Natasha Hunt,72,NTI,100,89,EXC,82,84,73,90,79,NTI,76,85,87,68,76,84,61,90
Kathleen Vega,47,64,60,45,67,52,60,42,72,75,60,EXC,41,58,61,44,62,43,70
Lisa Dominguez,78,74,NTI,NTI,65,NTI,84,67,79,91,85,86,83,89,95,NTI,79,NTI,NTI
Kevin Simmons,NTI,76,NTI,69,84,64,71,69,87,76,60,78,70,59,68,47,67,65,65
Michael Price,EXC,58,57,66,58,52,74,82,82,56,81,65,64,93,45,84,81,78,87
Donna Cummings,63,60,70,60,62,44,67,57,72,55,NTI,67,66,63,62,82,EXC,60,76
Robert Daniels,71,71,61,64,49,67,64,61,57,69,69,67,54,EXC,58,46,68,69,45
Mark Rocha,40,64,61,76,NTI,58,NTI,65,62,63,53,64,60,74,49,61,50,66,53
Troy Solis,83,65,65,EXC,65,69,70,73,63,61,70,87,67,58,81,56,78,NTI,66
Brittney Moreno,60,55,EXC,78,62,62,NTI,75,77,60,64,77,77,69,71,45,75,59,64
David Jones,64,75,EXC,51,NTI,53,71,NTI,68,70,81,55,EXC,51,63,62,56,70,72
Raven Nelson,88,83,68,90,79,67,82,77,57,80,71,90,84,80,EXC,79,72,EXC,74
Erica Thomas,77,80,EXC,83,87,77,65,83,76,70,72,NTI,62,69,72,61,80,85,95
Jennifer Neal,67,52,82,54,66,69,84,79,75,63,79,NTI,83,EXC,EXC,71,60,72,54
Joshua Greer,81,81,80,76,76,69,NTI,73,69,62,77,76,79,59,76,75,NTI,82,84
Ian Graham,87,90,85,74,72,81,74,76,68,84,74,67,79,79,68,75,77,81,82
Mary Gomez,80,100,97,81,67,81,76,95,85,78,80,79,98,NTI,71,EXC,88,66,NTI
Brad Nguyen,68,84,72,76,EXC,63,58,62,77,76,EXC,98,75,83,76,79,83,74,64
Ashley Bowers,54,68,74,NTI,EXC,60,85,64,74,60,EXC,44,59,75,75,62,64,56,74
Jason Benjamin,100,93,65,91,82,93,97,91,81,89,NTI,93,87,90,82,87,64,87,86
Melissa Gonzalez,90,89,72,75,86,94,95,100,92,69,93,70,90,95,97,98,80,99,93
Francisco Miller,64,80,EXC,79,51,92,74,76,77,77,87,87,80,89,90,88,78,68,83
Joseph Jensen,60,66,54,74,57,70,50,58,42,NTI,53,51,49,58,51,47,70,52,67
Darren Palmer,51,38,46,57,43,31,54,46,NTI,47,43,51,40,34,42,56,NTI,31,64
Alicia Williams,83,76,81,72,89,80,87,75,NTI,89,77,68,84,97,83,64,71,94,85
Daniel James,64,70,68,74,64,78,EXC,65,78,73,38,68,74,54,64,EXC,67,78,79
Brian Garcia,82,NTI,74,90,85,74,67,73,93,70,87,72,NTI,68,NTI,84,NTI,68,97
Susan Wilcox,58,71,81,78,89,58,83,EXC,83,78,70,74,76,56,69,87,79,76,65
Jon Ford,75,75,60,76,55,77,70,75,73,73,NTI,66,88,77,64,81,97,76,EXC
John Joseph,70,83,85,77,89,73,75,66,73,81,72,70,85,79,68,68,98,82,95
Jesus Garcia,78,82,59,63,86,71,78,NTI,87,83,79,75,60,72,73,77,93,82,65
Regina Mckinney,63,71,67,NTI,NTI,62,63,61,EXC,63,63,52,67,53,69,78,59,76,58
Maria Ramos,69,46,70,67,92,54,EXC,84,76,61,67,EXC,59,77,53,73,71,69,63
Kaitlyn Delgado,67,78,78,56,88,64,82,82,87,55,87,73,64,95,86,79,69,NTI,78
Jasmine Watts,87,84,97,91,92,100,85,97,90,81,66,91,95,87,95,99,NTI,96,89
David Miller,55,65,64,59,82,53,NTI,58,62,EXC,55,65,61,69,60,66,69,NTI,57
Ashley Young,72,57,66,65,68,76,68,62,66,67,NTI,66,82,72,74,56,NTI,63,53
Kathryn Lewis,71,49,59,63,64,70,EXC,62,65,60,EXC,50,66,53,NTI,EXC,73,50,68
Robert Carter,92,89,84,75,88,93,68,NTI,83,100,68,77,94,93,96,90,80,77,EXC
Barbara Morgan,79,NTI,57,NTI,65,76,88,83,72,75,80,75,94,67,87,NTI,84,65,72
Anna Davis,82,85,73,NTI,NTI,NTI,76,72,90,NTI,84,89,82,66,78,NTI,NTI,82,85
David Arellano,75,83,65,93,74,86,81,67,69,83,78,67,84,76,64,72,85,72,82
Joshua Long,43,49,64,58,52,45,56,51,59,61,67,56,70,66,65,77,62,73,74
Brandon Little,65,84,71,EXC,67,65,NTI,65,62,70,70,75,78,53,63,79,73,63,58
Daniel Acosta,82,88,NTI,95,69,88,85,EXC,85,84,87,85,85,EXC,72,81,EXC,91,80
Susan Allen,43,51,74,63,58,54,61,67,72,61,54,59,56,64,59,58,55,68,72
Lauren Lewis,72,79,85,71,NTI,78,85,69,77,57,81,80,68,EXC,77,54,74,48,91
Michael Cherry,EXC,63,79,73,87,EXC,NTI,72,EXC,77,79,83,NTI,EXC,75,80,EXC,76,72
Brandon Garza,91,99,73,EXC,79,87,87,NTI,77,91,NTI,73,76,90,83,84,73,80,67
Zachary Clark,59,EXC,56,70,75,NTI,59,EXC,68,82,85,90,75,63,61,71,65,66,EXC
Ruben Martinez,85,93,95,95,84,76,88,90,74,100,91,98,87,89,79,EXC,99,99,99
Hannah Floyd,66,EXC,82,79,82,67,84,69,86,EXC,EXC,84,76,81,EXC,NTI,EXC,68,68
Shannon Adams,83,EXC,79,78,NTI,EXC,EXC,66,73,85,72,59,73,71,EXC,77,60,87,74
Kimberly Carroll,58,51,53,52,71,83,77,58,61,62,60,70,NTI,77,64,62,71,72,74
Andrew Martinez,64,79,88,81,74,77,77,NTI,NTI,70,72,69,NTI,72,100,65,73,74,EXC
Adrian Gordon,94,88,EXC,86,87,NTI,98,80,92,84,95,81,EXC,NTI,88,85,78,86,83
James Foley,95,81,72,88,87,76,86,NTI,EXC,78,NTI,EXC,93,81,86,66,84,92,95
Stephen Arroyo,75,69,85,83,90,75,89,78,78,76,NTI,EXC,92,79,84,73,75,47,76
Willie Green,72,76,72,EXC,93,95,82,93,81,79,81,75,NTI,87,90,68,89,EXC,68
Christopher Kelley,NTI,71,65,80,EXC,64,NTI,67,NTI,67,73,63,83,62,67,70,57,81,NTI
Sherri Lawson,61,66,58,74,57,71,72,52,65,77,64,68,61,74,72,67,69,60,67
Stanley Byrd,NTI,75,86,92,95,NTI,78,94,NTI,NTI,91,71,81,90,80,87,NTI,86,87
Lindsay Blevins,83,73,NTI,86,75,51,51,NTI,81,80,77,82,71,81,76,68,69,78,81
Joshua Clark,91,79,EXC,84,99,58,79,81,78,81,65,79,91,90,83,73,81,77,EXC
Jack Morris,77,91,81,72,52,72,EXC,NTI,72,55,EXC,67,85,72,79,NTI,77,50,81
Paul Barnett,74,66,73,78,73,85,76,70,57,64,78,65,69,69,63,EXC,52,70,NTI
Angel Rhodes,93,98,92,86,NTI,77,NTI,81,93,92,86,84,66,83,79,93,87,75,70
Jennifer Wilcox,70,NTI,82,75,84,86,76,NTI,62,62,NTI,84,NTI,79,68,98,84,93,87
Justin Case,64,90,58,70,77,79,79,94,71,71,95,72,65,84,71,63,73,70,67
Lisa Colon,68,88,EXC,NTI,82,90,78,84,85,83,74,99,94,86,EXC,86,82,92,80
Roger Williams,NTI,EXC,67,80,69,84,70,85,79,65,79,91,69,85,EXC,78,71,70,88
Matthew Brown,63,60,84,93,92,86,97,EXC,86,79,74,85,63,87,91,71,78,81,67
Dawn Love,69,60,EXC,53,56,62,58,42,57,30,54,NTI,51,52,71,73,59,46,67
Paul Peterson,77,81,93,71,NTI,65,66,76,72,83,73,77,93,79,79,77,64,75,95
Andrew Cox,74,70,87,71,86,56,77,72,57,64,89,64,64,66,82,82,68,76,58
Katie Owens,85,90,100,81,88,85,EXC,86,EXC,87,73,76,68,74,90,92,88,71,82
Kimberly Barnes,66,61,72,66,74,53,64,66,69,54,54,77,54,55,55,57,61,47,63
Crystal Ortega,58,66,77,69,61,74,EXC,NTI,73,66,76,70,79,88,65,68,66,76,76
Katelyn Rogers,46,EXC,71,61,52,48,63,58,EXC,53,EXC,56,62,79,63,63,EXC,59,88
Cesar Lucas,87,84,89,79,NTI,88,EXC,75,93,89,94,83,95,84,73,100,EXC,88,77
Laura Powers,73,68,57,NTI,64,EXC,60,56,34,59,51,54,48,65,44,53,EXC,51,73
Richard Schmidt,69,95,64,63,75,90,78,81,NTI,92,80,EXC,70,NTI,60,87,85,86,86
Daniel Pugh,62,73,77,77,56,69,EXC,NTI,71,75,66,73,91,73,60,68,70,NTI,75
Catherine Wallace,88,73,85,67,82,84,93,76,95,78,71,63,77,83,81,87,69,81,96
Melvin Munoz,60,53,59,78,NTI,NTI,64,97,76,75,75,74,77,61,66,71,56,75,76
Samantha Leach,81,96,77,77,78,91,94,83,93,79,65,74,81,81,82,84,81,79,80
Alexis Thomas,EXC,80,93,67,72,76,63,47,NTI,67,EXC,63,58,69,63,64,58,65,79
Mary Martinez,78,79,86,74,77,79,70,67,82,80,69,76,71,75,69,74,77,75,80
Dawn Weeks,50,60,88,60,75,NTI,65,NTI,67,EXC,70,66,79,69,62,66,73,86,59
