Name,HW1,HW2,HW3,HW4,HW5,HW6,HW7,HW8,HW9,HW10,Project1,Project2,Quiz1,Quiz2,Quiz3,Quiz4,Test1,Test2,Final1
Lance Baker,75,75,57,77,57,64,71,75,71,64,52,68,73,EXC,90,64,62,69,77
Zachary West,82,EXC,69,90,NTI,79,55,67,EXC,78,NTI,NTI,91,67,75,68,89,NTI,57
Teresa Ward,84,NTI,88,76,EXC,74,73,80,94,99,84,94,92,94,80,85,93,87,97
Stephanie Valentine,74,68,82,77,77,71,70,NTI,72,62,EXC,72,EXC,75,76,74,84,85,60
Kathryn Martin,76,65,74,68,71,73,69,75,72,NTI,64,77,59,59,61,88,57,89,52
Lawrence James,83,97,80,73,98,89,90,95,99,71,75,73,79,82,95,77,86,97,83
Alexandra Lynch,55,65,64,63,67,65,75,NTI,84,85,78,71,70,87,77,69,64,NTI,NTI
Austin Morgan,NTI,83,85,68,84,80,78,82,78,82,59,82,NTI,66,80,76,93,NTI,82
Christine Rodriguez,92,84,83,EXC,76,75,90,81,94,77,90,86,73,98,93,83,81,78,70
Matthew Schneider,92,66,66,59,77,69,75,60,80,NTI,NTI,57,68,74,NTI,79,59,86,60
Danielle Goodman,82,86,94,96,78,88,95,95,93,92,NTI,95,98,95,EXC,93,99,100,95
Matthew Rice,87,NTI,68,75,79,70,81,86,80,70,72,72,84,70,81,71,76,82,96
Pamela Matthews,58,67,73,56,44,79,84,70,68,80,82,79,71,76,68,81,85,67,59
Mia Edwards,80,97,NTI,85,91,90,85,NTI,73,NTI,80,83,76,74,EXC,92,97,88,68
Diamond Miller,68,NTI,60,83,82,75,97,90,77,77,63,71,86,90,61,79,74,77,85
Jennifer Johnson,88,81,93,76,EXC,88,NTI,90,66,86,89,77,70,NTI,83,65,89,73,75
Janice Aguilar,81,75,78,88,EXC,58,88,EXC,89,88,74,86,76,88,EXC,82,84,85,95
Joy Smith,64,92,79,83,71,66,87,98,81,93,EXC,87,83,66,77,NTI,84,76,84
Kathy Myers,42,64,EXC,59,NTI,NTI,64,65,64,80,62,NTI,67,EXC,64,NTI,NTI,60,67
Michael Long,67,65,59,60,EXC,72,EXC,82,79,91,66,77,78,99,72,77,83,88,74
Lisa Callahan,76,77,50,79,97,81,79,EXC,56,75,77,EXC,86,78,92,56,88,79,80
Sarah Smith,67,77,89,92,62,82,95,91,78,85,81,71,81,78,76,72,73,77,84
Gary Campbell,62,60,60,71,60,71,65,68,61,71,62,76,76,59,88,98,58,52,46
Jennifer Butler,88,85,90,EXC,90,EXC,97,87,88,84,94,95,100,93,93,94,87,73,95
Joanne Wilson,66,75,58,69,NTI,78,77,NTI,81,64,73,73,65,77,81,67,58,79,65
Teresa Nguyen,75,82,91,71,72,79,86,84,68,88,88,82,94,77,74,87,79,95,72
Matthew Lewis,83,70,75,58,84,96,82,65,73,66,61,87,77,78,71,88,EXC,82,95
Jeremy Jones,74,82,74,78,EXC,78,69,71,EXC,71,66,71,73,65,69,56,70,71,58
Michael Schultz,78,84,75,99,60,68,91,90,52,80,80,EXC,65,72,79,85,EXC,EXC,89
Lisa Davis,81,80,73,74,94,80,85,NTI,89,94,85,75,92,80,67,87,65,73,66
Todd Rodriguez,EXC,77,48,55,81,63,69,65,76,68,67,75,74,71,EXC,67,71,67,72
Virginia Ramos,NTI,57,NTI,86,50,NTI,60,78,58,63,72,74,53,49,52,76,77,78,65
Chad Morgan,76,75,86,85,82,75,72,89,61,88,83,69,62,91,86,72,NTI,79,72
Daniel Riley,82,97,81,84,95,87,84,92,89,68,72,73,89,85,88,87,67,91,92
Bridget Aguilar,82,NTI,90,89,75,EXC,85,69,NTI,86,87,85,79,79,EXC,70,96,90,89
Eduardo Lawrence,EXC,83,70,74,64,73,96,70,83,NTI,75,NTI,73,58,61,NTI,78,NTI,61
Joshua Sweeney,62,56,60,NTI,EXC,77,78,84,50,69,65,59,70,69,71,66,88,EXC,61
Craig Hodge,67,62,62,83,79,66,71,76,75,75,66,62,66,EXC,93,73,90,75,71
Rhonda Brown,82,72,61,76,59,NTI,84,54,NTI,63,NTI,67,75,74,78,NTI,79,56,69
Brian Johnson,49,45,57,67,84,79,53,68,62,63,59,61,89,71,57,62,58,64,61
Dale Jones,53,58,EXC,50,46,66,59,50,74,52,61,49,57,63,52,48,76,41,43
Susan Washington,72,68,74,74,65,70,54,71,83,63,71,58,89,NTI,64,NTI,78,NTI,66
Brenda Love,72,66,54,64,78,73,52,80,60,69,49,53,49,52,63,61,77,57,62
Michael Blackburn,82,80,73,NTI,68,86,90,67,82,NTI,EXC,EXC,88,79,66,59,76,84,65
Terry Mcgee,74,79,66,74,88,77,NTI,64,70,NTI,78,71,64,78,83,86,58,73,88
Jacqueline Williamson,91,80,69,80,NTI,91,EXC,80,87,66,83,81,96,NTI,82,81,74,95,70
Wendy Ponce,71,78,71,NTI,NTI,68,74,EXC,74,71,NTI,98,60,69,77,76,68,62,82
Denise Wood,67,78,44,61,98,72,74,63,77,54,75,78,80,72,69,91,71,60,70
Angela Wyatt,NTI,95,69,79,67,NTI,65,61,80,83,61,80,78,NTI,69,80,66,83,73
Patrick Stark,77,84,90,94,71,NTI,62,79,NTI,71,NTI,99,NTI,87,79,84,68,83,72
Nicholas Hill,69,26,64,EXC,62,NTI,NTI,63,NTI,65,EXC,55,47,54,NTI,63,60,48,48
Nicole Meyers,75,74,EXC,82,75,EXC,NTI,56,80,63,87,89,NTI,85,71,60,92,79,78
Mark Campbell,84,96,66,77,86,84,73,75,86,76,95,81,EXC,93,86,84,74,69,71
Kathleen Vega,83,64,70,90,79,73,73,85,71,76,76,76,82,85,63,76,67,73,82
Kimberly Owen,45,57,55,49,63,61,62,47,61,61,55,34,59,NTI,66,46,63,58,NTI
Vincent Flores,74,88,88,81,95,86,92,NTI,87,93,86,95,91,95,96,EXC,100,87,NTI
Natalie Bush,42,57,41,59,54,52,59,43,45,38,42,60,61,32,58,71,64,EXC,54
Nicole Tucker,NTI,79,88,79,82,NTI,73,85,94,89,64,81,73,91,NTI,75,99,74,66
Abigail Weber,93,70,81,84,74,91,95,86,81,97,82,NTI,92,83,81,88,81,EXC,82
Aaron Swanson,94,77,NTI,83,88,84,78,92,74,73,90,76,NTI,59,62,74,80,NTI,65
Robert Daniels,79,58,66,68,53,80,75,70,90,55,96,79,65,66,67,68,46,72,70
Samantha Cervantes,59,66,63,75,56,81,66,64,42,EXC,67,63,NTI,70,68,52,69,63,63
Bradley Galloway,60,NTI,63,63,51,52,75,63,EXC,61,65,58,49,73,63,70,49,56,51
Luis Robbins,67,80,66,61,54,79,NTI,59,75,88,66,82,72,67,90,78,78,59,66
Michael Sutton,68,79,87,95,89,83,83,83,74,87,89,85,85,99,96,87,77,NTI,90
Caitlyn Romero,62,53,66,59,67,60,64,49,55,60,74,53,56,58,EXC,59,54,81,45
Raven Nelson,53,48,58,46,26,65,71,53,56,EXC,42,47,50,44,48,EXC,56,38,59
Susan Anderson,94,94,92,94,99,EXC,99,EXC,92,92,EXC,95,100,94,94,97,91,94,87
Heather Blair,94,95,67,85,83,93,92,NTI,81,90,EXC,89,95,85,82,90,92,79,73
Leslie Osborn,78,86,82,69,69,79,69,84,70,69,77,79,88,73,75,65,88,70,81
Ian Graham,88,91,NTI,NTI,71,NTI,72,NTI,EXC,NTI,83,88,57,76,67,72,80,74,83
Justin Medina,69,85,85,69,70,75,EXC,66,75,78,75,95,66,61,EXC,87,82,90,87
Gloria Ward,56,46,53,67,57,NTI,75,46,51,53,56,56,EXC,32,50,50,65,33,54
Mary Chapman,73,81,55,89,66,84,90,96,85,83,78,89,92,59,82,73,72,69,69
Kelsey Watkins,72,74,65,72,72,63,75,72,68,85,79,90,71,80,79,64,81,61,70
Francisco Miller,99,88,65,90,61,77,84,76,NTI,65,74,97,90,79,92,80,71,76,92
Joseph Jensen,80,86,EXC,80,94,81,81,75,96,77,88,89,EXC,94,90,70,92,97,76
Martin Sims,86,65,78,73,75,61,74,76,65,66,72,60,64,78,NTI,86,61,78,60
James Bernard,84,97,86,EXC,91,80,82,86,90,NTI,80,91,100,93,92,81,97,99,93
Nicole Wilson,76,75,62,76,78,61,57,71,61,79,54,64,63,70,56,EXC,72,66,70
Kyle Horton,75,72,EXC,NTI,NTI,77,73,85,82,84,85,74,88,73,81,65,73,79,70
Ricky Jones,68,NTI,77,67,64,58,49,NTI,46,NTI,65,NTI,NTI,39,57,57,52,61,EXC
Misty Gamble,EXC,NTI,73,72,78,NTI,98,50,NTI,53,72,68,76,69,78,61,76,68,89
Mitchell Palmer,65,84,65,65,79,74,65,EXC,79,70,78,72,85,78,69,92,59,84,87
Michael Jackson,NTI,52,48,50,60,81,63,71,67,55,53,84,NTI,NTI,60,EXC,65,72,50
Robert Mitchell,67,73,43,81,EXC,62,56,70,55,61,67,55,59,69,77,66,60,64,49
Adrian Mullins,81,77,81,59,94,79,77,62,96,69,85,83,83,84,60,94,75,89,91
Timothy Williams,84,81,87,76,99,93,90,73,89,80,77,73,87,83,68,82,83,78,75
Michael Bowman,80,84,79,EXC,82,71,67,75,88,79,82,77,97,68,77,87,82,72,89
Christopher Campbell,84,71,81,100,88,65,83,87,79,94,79,NTI,74,89,85,NTI,91,67,77
Andrew Brooks,63,83,47,84,57,62,76,66,80,78,NTI,88,86,59,EXC,58,62,63,75
Michael West,58,73,77,97,78,71,78,64,72,89,98,66,83,72,75,67,73,94,78
Rachel Hamilton,71,63,79,65,66,67,NTI,60,84,65,73,66,65,63,EXC,65,73,73,66
Barbara Morgan,NTI,NTI,72,85,62,NTI,78,59,67,EXC,64,77,71,66,83,72,93,80,68
Scott Barrera,NTI,68,85,67,79,74,80,67,EXC,87,70,86,70,87,78,96,73,96,78
Elizabeth Flowers,76,94,86,89,85,90,83,63,73,85,81,71,NTI,NTI,86,90,EXC,83,93
Christina Day,91,64,63,74,NTI,62,NTI,82,91,NTI,81,NTI,77,NTI,NTI,69,76,NTI,NTI
Diane Montgomery,EXC,EXC,77,68,NTI,76,64,EXC,64,82,83,79,EXC,81,71,80,86,EXC,EXC
Brandon Meyer,69,67,67,92,62,80,55,77,77,75,67,65,EXC,62,74,69,73,84,62
Mary Madden,92,86,73,60,88,74,72,68,77,84,59,53,78,87,92,68,80,NTI,81
Regina Kennedy,79,45,73,81,50,60,66,59,59,62,63,49,40,66,72,49,64,58,NTI
Brandon Little,61,49,87,70,NTI,78,73,73,86,93,71,62,71,78,69,NTI,62,75,77
Daniel Acosta,51,56,54,52,56,60,72,71,67,67,EXC,82,67,55,55,57,55,68,55
Darius Crawford,57,62,55,62,43,55,40,54,NTI,46,57,40,52,64,44,63,57,52,49
Susan Allen,73,81,61,63,88,71,70,71,74,75,74,67,79,61,91,62,58,60,82
Danielle Lee,95,84,69,66,73,NTI,65,76,77,68,87,77,80,85,70,NTI,NTI,79,61
Michael Cherry,81,68,83,NTI,66,78,83,75,80,76,78,68,84,79,97,97,59,70,NTI
Nancy Hernandez,EXC,52,59,51,71,56,65,69,66,62,83,61,56,60,72,45,55,66,66
Brandon Garza,NTI,74,84,73,NTI,74,72,68,91,EXC,50,77,68,93,78,79,84,EXC,82
Derek Foley,88,81,72,74,80,62,93,NTI,85,85,62,86,86,EXC,NTI,93,92,72,92
Taylor Booth,70,EXC,79,EXC,97,77,88,91,80,94,83,92,86,79,89,76,81,84,95
Robert James,55,NTI,79,EXC,61,69,EXC,54,66,NTI,NTI,65,50,66,78,69,59,NTI,64
Andrew Dixon,87,88,89,81,73,76,84,NTI,75,76,69,75,80,82,NTI,62,80,70,75
Kimberly Carroll,80,75,85,76,72,NTI,NTI,67,83,72,76,91,72,80,87,EXC,71,73,78
Steve Clark,85,NTI,84,85,82,66,99,95,75,NTI,EXC,82,81,82,97,86,75,97,64
Penny Rodriguez,NTI,75,NTI,82,NTI,71,78,88,78,76,79,77,80,85,85,68,82,NTI,91
Eric Cooper,EXC,52,52,60,44,37,77,NTI,69,64,71,72,69,60,69,51,62,EXC,81
James Foley,81,87,83,79,71,90,88,86,84,79,99,96,NTI,90,97,79,93,84,EXC
Aaron Russell,70,69,60,85,69,69,58,60,77,57,55,57,61,61,NTI,44,54,68,45
Robert Harrington,64,60,61,65,53,54,NTI,69,73,63,81,58,NTI,EXC,60,74,70,73,72
Willie Green,56,81,59,77,75,60,60,47,74,68,65,69,64,71,64,55,70,66,66
Matthew Parker,79,62,68,80,60,75,53,74,61,82,76,NTI,79,77,54,EXC,NTI,NTI,35
Christopher Kelley,EXC,49,52,65,NTI,56,39,EXC,EXC,60,60,53,69,NTI,61,43,48,62,58
Miguel Hunt,EXC,52,64,75,NTI,59,43,68,81,59,NTI,62,65,70,85,52,77,47,NTI
Brooke Mejia,73,65,63,56,58,65,45,68,59,48,49,49,42,62,51,51,59,73,55
Antonio Blanchard,72,75,56,77,64,79,48,61,78,66,60,NTI,64,55,68,75,63,EXC,65
Jack Morris,81,75,68,66,70,67,65,67,EXC,67,91,76,63,88,74,43,76,68,62
Paul Barnett,66,61,44,65,76,61,55,64,59,63,53,71,51,65,56,63,48,73,65
Julie Maldonado,74,59,76,81,71,70,71,71,75,78,85,64,69,89,84,66,86,79,94
Brittany Barr,69,73,80,90,79,77,90,73,68,66,77,71,88,81,70,91,68,NTI,74
Carol Holmes,90,69,66,79,86,75,70,66,91,81,EXC,64,73,70,74,NTI,72,NTI,EXC
April Thomas,80,84,76,88,84,77,81,71,93,84,98,83,84,75,96,72,81,88,91
Dawn Love,93,95,86,95,100,EXC,89,NTI,88,85,NTI,73,89,96,91,88,98,89,96
Matthew Rodriguez,88,62,NTI,83,EXC,71,79,74,69,87,85,82,85,70,88,NTI,94,NTI,NTI
Caleb Blanchard,71,67,57,NTI,83,EXC,79,65,69,84,83,66,81,80,84,77,85,63,83
Nicole Richards,59,77,62,82,63,76,75,65,65,68,68,68,84,EXC,70,64,90,83,81
Alexandra Cobb,86,85,NTI,90,72,99,93,NTI,79,86,95,94,EXC,96,NTI,EXC,EXC,75,98
Kimberly Barnes,83,85,100,87,74,87,89,76,98,89,93,82,70,89,83,84,72,86,96
John James,100,100,91,88,NTI,81,83,95,72,84,87,EXC,97,85,85,95,EXC,NTI,NTI
Rodney Yang,59,63,70,46,49,69,60,55,55,54,56,49,64,NTI,52,66,56,NTI,63
James Smith,96,100,77,68,91,NTI,94,96,88,84,95,75,87,94,81,85,88,76,NTI
Alexandra Harrell,84,61,80,56,57,95,73,70,75,42,56,79,66,71,64,61,85,EXC,72
Laura Powers,74,86,73,78,NTI,72,85,67,70,53,67,77,79,56,NTI,81,EXC,82,72
Meagan Cordova,94,93,NTI,NTI,75,75,70,86,55,EXC,NTI,76,62,EXC,80,73,NTI,75,78
Susan Henderson,82,74,82,97,90,87,87,79,80,89,85,80,80,81,78,78,95,80,91
Richard Schmidt,87,92,85,77,97,71,EXC,75,NTI,95,77,95,88,79,EXC,85,87,99,88
Daniel Pugh,NTI,87,82,87,73,69,EXC,86,88,76,83,96,91,79,72,90,82,78,97
Mark Hobbs,EXC,69,72,57,55,45,NTI,68,78,54,57,70,33,48,57,60,53,80,47
Lynn Jackson,63,EXC,40,59,40,52,NTI,NTI,48,36,22,53,63,58,52,48,71,31,40
Dylan George,59,58,61,67,64,80,82,EXC,52,77,80,63,45,NTI,69,49,65,59,79
Catherine Wallace,68,65,74,80,86,74,75,80,72,79,74,58,74,82,59,79,EXC,80,72
Michael Lee,77,89,70,79,72,86,71,71,83,77,NTI,77,87,68,NTI,78,78,88,81
Heather Garcia,99,91,NTI,90,NTI,87,83,82,NTI,85,78,96,91,85,100,99,87,87,74
Dawn Weeks,64,46,69,62,79,NTI,76,67,66,70,69,NTI,68,57,67,76,53,54,76
Angela Arnold,50,EXC,70,46,58,49,76,66,52,NTI,58,61,68,69,70,41,56,60,30
Gina Carter,56,69,63,91,87,65,78,81,83,75,84,65,84,66,82,77,74,79,79
Angela Smith,79,EXC,57,EXC,66,53,66,NTI,76,67,55,66,NTI,79,77,NTI,58,68,57
